No.;Time;Comment;Scramble;Date;P.1
1;2.38;;L' D' U2 B2 U2 F' L2 D2 L2 B F' L D' F' U' R D2 B U';2022-10-26 18:30:11;2.38
2;1.93;;U2 R' U' L2 F U2 R2 B U2 L D2 R F2 U2 L B2 L U2 D2;2022-10-26 18:30:14;1.93
3;2.22;;U2 F2 D2 F D2 R2 D2 U2 F D2 R2 F2 D' R F R2 D U' R2 D2 B;2022-10-26 18:30:17;2.22
4;1.93;;D2 L F2 U2 F2 U2 L' R2 B2 L F2 D R2 U R2 B D' F' L' R';2022-10-26 18:30:20;1.93
5;2.93;;U F' L2 B2 D2 L2 F' L2 F' D2 F L' U R' D2 B R2 F' U';2022-10-26 18:30:25;2.93
6;2.67;;F' U L' F' B L B' R' U B2 R U2 R2 L F2 B2 R F2 D2 R';2022-10-26 18:30:29;2.67
7;2.06;;D L' F D L' D' R' U D' L2 D2 F B' D2 R2 B' R2 U2 F2 U2;2022-10-26 18:30:34;2.06
8;2.41;;F2 D L2 D2 B2 U' R2 F2 L2 B2 U' B2 L' B' R U R' D' B2 L' U';2022-10-26 18:30:37;2.41
9;2.64;;F2 L U' L' U D' F' R U2 L' D2 B2 D2 L2 B2 L B2 U2 R2 D F;2022-10-26 18:30:41;2.64
10;2.93;;B' D L2 R2 F2 D' U2 B2 L2 U2 L2 F D2 L' D2 U' F U L';2022-10-26 18:30:49;2.93
11;1.96;;U2 L2 U2 L2 B R2 B U2 F2 D2 F2 U' R2 D B D R2 U2 R' D;2022-10-29 17:13:15;1.96
12;1.80;;L F2 L2 D2 B2 U' B2 D' R2 D2 R2 B' L2 U R2 D U' R' U;2022-10-29 17:13:18;1.80
13;2.02;;D R' F' U' D' F2 B2 R F L2 F2 U B2 U F2 D2 L2 B2 R2 U';2022-10-29 17:13:21;2.02
14;2.69;;D' R2 B2 D' F2 L2 D' B2 R2 D B2 U' B' D R' B' D2 B U L;2022-10-29 17:13:23;2.69
15;3.11;;D L' R2 B2 D2 R' D2 L D2 B2 F2 R' F' U' R2 B2 U2 F' L2 U';2022-10-29 17:13:27;3.11
16;2.76;;R2 B' F2 R2 B2 D' R2 U2 B2 D2 B2 L2 B2 L' U' L U2 L2 F L' R;2022-10-29 17:13:31;2.76
17;2.11;;U D2 R2 F' L2 U2 L2 B2 U2 F R2 B' R2 D' B2 R' D' U2 F2 U2 F2;2022-10-29 17:13:35;2.11
18;3.75;;L F R L' F2 D R B U F2 R2 U' B2 D' R2 B2 U R2 L2 U2 L;2022-10-29 17:13:45;3.75
19;3.36;;R B2 R' D2 U2 L D2 R' U2 L B2 L' U' L2 R2 B2 F' L' D2 U' L;2022-10-29 17:14:03;3.36
20;2.16;;L2 B2 D2 F2 R2 F2 U2 L2 D B2 F2 U' F' U' L B2 F D R2 B' D;2022-10-29 17:14:14;2.16
21;3.31;;B2 D' R2 U F2 L2 U L2 U' B' U' R' F2 L' B' L D2 F U2;2022-10-29 17:14:26;3.31
22;2.31;;B2 U2 F D F U' L' U' D R2 D' L2 F2 U R2 L2 D B2 R' D2;2022-10-29 17:14:30;2.31
23;2.69;;B2 D B2 U F2 D' B2 D2 L2 U' F2 U2 L' F' R' B F' L' B' U R2;2022-10-29 17:14:33;2.69
24;2.70;;U L' D' L2 F' U2 D R D' F L2 B' U2 R2 U2 R2 F R2 D2 R2;2022-10-29 17:14:37;2.70
25;2.56;;R2 B' F2 L' D2 B2 L' D2 L2 F2 R U2 R' D L F L' F2 U' L2;2022-10-29 17:14:41;2.56
26;3.11;;F2 D F R2 L' U' L' F B U2 R2 F2 R2 D2 F L2 U2 B' R F;2022-10-29 17:14:45;3.11
27;2.05;;L2 B2 F2 D' B2 D' F2 D' F2 R U' L' U2 B' D L2 F D2 L' D;2022-10-29 17:14:52;2.05
28;1.86;;R2 U' B' L2 B' U2 B' F2 D2 L2 D2 L2 F U' L R' D2 U2 F' D' B';2022-10-29 17:14:55;1.86
29;1.99;;U B2 L2 R2 D L2 U2 F2 L2 D R2 L U B2 R' U2 F' D U' F' D2;2022-10-29 17:14:58;1.99
30;1.99;;D R2 F2 U2 F' D2 L2 F D2 R2 D2 F D L' D2 B' D2 R2 F;2022-10-29 17:15:01;1.99
31;1.99;;D' L2 R2 D L2 U2 B2 R2 D F2 U R' F R' D2 F' L U' B2 L2 R2;2022-10-29 17:15:04;1.99
32;2.60;;B U' F U2 B' L2 D2 L2 B R2 F' R2 B2 L' B' L U2 B' F2 R2;2022-10-29 17:15:08;2.60
33;2.53;;U R2 U R2 B2 L2 B2 U2 L2 D' B2 F' L' R' D' B' U2 F L2 D';2022-10-29 17:15:11;2.53
34;1.86;;B L' F R2 F2 D' L U D2 R F2 L U2 R D2 L' U2 L' U2 L' F';2022-10-29 17:15:15;1.86
35;2.18;;F2 U' R2 U' L2 D' B2 L2 D R2 F2 U' L F R U B' L' U B2 U2;2022-10-29 17:15:17;2.18
36;1.92;;D' B U2 B' U' R' B2 U' B' D L2 F2 D2 F2 D' R2 D' B2 R2;2022-10-29 17:15:21;1.92
37;2.37;;L2 U B2 L2 D2 L2 D U' R2 B2 L' U' R2 B L F D' L B2 U2;2022-10-29 17:15:23;2.37
38;2.32;;R F D2 R2 B' D2 B2 D2 L2 B D2 R F U F2 U L D F;2022-10-29 17:15:27;2.32
39;2.08;;B2 D' L' U R' B' R F D L2 F2 R F2 R' D2 B2 R' F2 L' D2;2022-10-29 17:15:30;2.08
40;2.15;;R2 B R2 F L2 R2 B R2 B2 D2 F2 L' R' B L U L B L2 D;2022-10-29 17:15:33;2.15
41;2.40;;F2 D2 L2 F L2 B2 U2 F L2 B2 U2 F2 D L' B2 F U R F R';2022-10-30 15:31:04;2.40
42;2.24;;D F2 D' L2 U F2 U2 B2 R2 U B2 L D2 U2 F D R B F' U;2022-10-30 15:31:54;2.24
43;2.46;;R2 U R2 U L2 D' B2 D B2 D' B' D2 L' D R2 F U2 B U' B2;2022-10-30 15:31:58;2.46
44;2.17;;R2 D L2 R2 D L2 B2 R2 L' U L2 B' D2 L2 D' B2 R B';2022-10-30 15:32:01;2.17
45;2.08;;D' F' L R2 B2 D U2 B2 L2 U R2 D L2 U2 F D2 B R B L B';2022-10-30 15:32:04;2.08
46;2.28;;D L B' U' R D L F' D2 R2 U2 B2 L2 F U2 B2 R2 D F;2022-10-30 15:32:07;2.28
47;1.72;;L F' D2 R2 D F2 D' B2 F2 U' R2 B2 R2 F' D U2 F2 L U' L';2022-10-30 15:32:14;1.72
48;1.82;;B2 L' D2 R L' U' B' D U2 L2 D2 F2 U2 L B2 R F2 L B';2022-10-30 15:32:21;1.82
49;2.78;;R2 F2 R U2 L2 D2 B2 U2 F2 L B L R2 F' R2 D B' R' D;2022-10-30 15:32:24;2.78
50;1.98;;U L' D2 R2 L2 B D' F U2 F D2 F' U2 B R2 U2 B R2 U R';2022-10-30 15:32:41;1.98
51;2.56;;B2 R U2 F2 D B2 U' B2 D2 L2 U2 L2 U' F L' R U2 B D' R2 F2;2022-10-31 17:07:34;2.56
52;1.92;;D2 L2 F2 D2 B' R2 D2 F R2 D2 F U2 R' F U' L2 B2 F2 U2 R;2022-10-31 17:07:37;1.92
53;2.08;;L' D' F2 U2 L2 U2 R2 D' F2 D' B2 U' B U' R D' R2 F R F2 U;2022-10-31 17:07:40;2.08
54;2.95;;B2 F2 L2 B2 U' R2 U' B2 D' U' L2 F2 B' L U' R F D2 U B' R2;2022-10-31 17:07:45;2.95
55;1.99;;B U2 L2 B2 R' F2 L F2 D2 U2 R' D2 B2 D B' R2 D U R' U L;2022-10-31 17:07:49;1.99
56;1.80;;L' D' R' F2 L' U2 R2 U2 B2 F2 L B2 R2 D2 U' F' D2 B R' U2 F2;2022-10-31 17:07:51;1.80
57;2.02;;F' U2 L2 D2 U2 B' R2 D2 F' U2 F2 U2 D F D L' B2 R D' R' U;2022-10-31 17:07:54;2.02
58;2.05;;B' R' F2 U2 B2 R2 U' L2 U R2 U' R2 F2 U' B D' F' U' L' F';2022-10-31 17:07:57;2.05
59;2.28;;U2 R2 D2 R' U2 R' B2 U2 B2 D2 L2 B2 F' R' D' L D' R B F U';2022-10-31 17:08:00;2.28
60;2.15;;B2 D L2 D2 R2 U' L2 B2 D' R2 D R B' R' D R' B R2 D' F2 R';2022-10-31 17:08:03;2.15
61;2.05;;D' R2 F L' D2 B2 D B R D' R2 U' L2 F2 D L2 U2 B2;2022-10-31 17:08:10;2.05
62;1.96;;F U2 R2 D2 L2 F2 U2 R2 U' B2 U2 L2 R B' D' L U' B D2 R';2022-10-31 17:08:13;1.96
63;1.86;;U R2 U' L2 B2 R2 D2 L2 U' R2 U' R F2 U2 B2 D B' U R D2;2022-10-31 17:08:16;1.86
64;2.02;;R' F B2 D' F2 U' B2 L2 B2 U R2 U' R2 B' D2 L' U' R2 D L' B;2022-10-31 17:08:19;2.02
65;3.18;;U R2 D' R2 B2 D2 F2 U' F2 B' L R B D2 F2 U R D' B2;2022-10-31 17:08:21;3.18
66;1.76;;R2 B' R2 F2 R B2 F2 D2 L R2 D2 L B2 U' R B U F2 L' D2;2022-10-31 17:08:27;1.76
67;3.05;;L' U F2 D' F' R D2 B' U2 D L2 B2 D' L2 U F2 L2 D R2 D R';2022-10-31 17:08:30;3.05
68;1.83;;B' L2 B' D2 R2 U2 L2 B U2 F' D2 F' U L' B F' R2 B R B2;2022-10-31 17:08:34;1.83
69;1.83;;D2 B2 L' B2 L2 R' D2 B2 L2 F2 U2 B R U L' F2 D B2 U2 B;2022-10-31 17:08:37;1.83
70;1.80;;B R' U L2 B2 D' L2 D' U2 L2 U' F2 R2 F2 B' U' R' D' L R B';2022-10-31 17:08:39;1.80
71;2.91;;L' D' F2 R2 D B2 F2 R2 U L2 F' D R D U B L' U2 F';2022-11-01 17:43:59;2.91
72;2.04;;L' D L2 B' L' F' B' D' L' F2 L' F2 U2 R' D2 R' U2 F2 D2 L2;2022-11-01 17:44:03;2.04
73;1.88;;R' F2 L2 U F R B' R2 F2 R2 B2 R2 U R2 F2 D' R2 D F' L;2022-11-01 17:44:06;1.88
74;2.08;;B' D2 R2 B' D2 U2 F U2 B R2 F U' L2 B' D' F2 R F' D2 R' D';2022-11-01 17:44:19;2.08
75;2.08;;F U2 B U2 B' D2 R2 B' D2 U2 R2 B' R B F2 L2 D B2 U F' D';2022-11-01 17:44:22;2.08
76;2.14;;B' L U B' L F' U R2 U L2 F2 R2 B' R2 D2 F U2 B2 L2;2022-11-01 17:44:27;2.14
77;1.99;;U' B' U2 L' B' U R2 L B R2 F2 U L2 D2 B2 L2 D L2 U';2022-11-01 17:44:30;1.99
78;2.82;;F' L F2 U' R' F R2 F D2 B2 D L2 B2 U F2 L2 B2 L2 D' B2 F';2022-11-01 17:44:33;2.82
79;2.11;;F2 L2 F2 L2 D2 U2 F2 D R2 U' R' F' U B' U' B' D' F U2;2022-11-01 17:44:59;2.11
80;1.86;;B' R2 D' F2 R' B2 R F U2 R B2 D2 R2 U2 D2 L D2 R2 F2 L B';2022-11-01 17:45:06;1.86
81;1.92;;D' F2 L2 D L2 F2 L2 U2 F2 U2 B' L B' R D' F L' D' L D2;2022-11-02 19:50:50;1.92
82;2.05;;B2 U L2 F2 D F2 U F2 R2 U2 L2 U2 B' L' R2 U R' D' R' B2 F2;2022-11-02 19:50:53;2.05
83;1.76;;F2 D L2 F2 D' B2 R2 D' U' B2 U F2 L D F R D' F2 R' F R;2022-11-02 19:50:56;1.76
84;1.67;;F U R' U F2 U R F2 U B2 U2 R2 F2 B2 D' B2 U2 F2 B D';2022-11-02 19:51:00;1.67
85;1.73;;B2 L2 R F2 L' U2 F2 U2 L2 B2 R' D' B2 L' D2 L2 F' L D' L';2022-11-02 19:51:02;1.73
86;1.96;;B2 D F L' F2 U' D' F' R U2 L' D2 F2 R2 L2 U2 L' F2 U;2022-11-02 19:51:05;1.96
87;2.38;;U2 L D2 F2 D R2 F2 U R2 D F2 R2 F2 L D2 B' U' B2 F D2;2022-11-02 19:51:10;2.38
88;3.05;;D2 B2 L2 D2 R2 F L2 D2 U2 F D2 R B2 L U F' L2 D2 U';2022-11-02 19:51:14;3.05
89;2.32;;B' D R2 B2 L2 B2 U2 F2 D L2 R2 B2 U' F' L' F' U2 F' D R;2022-11-02 19:51:18;2.32
90;1.73;;D R' U' B2 U' F2 L2 D' B2 L2 D2 L2 U' B' U F' R' D R2 D F2;2022-11-02 19:51:28;1.73
91;2.38;;B2 D' R' U F2 R B' U2 L' B2 R2 U2 F2 B R2 B U2 B' R2 F' D2;2022-11-02 19:51:35;2.38
92;1.92;;F2 D F2 D R2 D2 L2 U L2 D' R2 U2 B F' R' B L2 F R2;2022-11-02 19:51:39;1.92
93;1.86;;B2 R2 B2 L2 U' R2 D2 L2 F2 L2 F2 R' D L R B D B' D2 F U2;2022-11-02 19:51:42;1.86
94;2.12;;B2 U2 L' D2 L F2 L D2 L' U2 R2 F2 D L B F D B' U R2 U2;2022-11-02 19:51:47;2.12
95;2.05;;D R' B2 D2 B R' F U2 R2 B2 L2 B2 D2 F2 D L2 D2 R2 D L F2;2022-11-02 19:51:50;2.05
96;2.40;;R2 F2 L2 B2 D' U2 B2 U R2 D' B2 R2 L' B D2 U L2 B' L D2 B;2022-11-02 19:51:55;2.40
97;1.73;;B2 L' F2 U2 L2 U F2 U B2 L2 D' B2 D2 B U' F' R2 B2 U' L;2022-11-02 19:51:59;1.73
98;1.70;;U' L D2 L F2 U2 R D2 F2 R2 F2 R U2 D' B2 U B L' F' D U;2022-11-02 19:52:02;1.70
99;4.56;;R2 F' B' L B2 R' F2 U F B2 D' R2 L2 B2 D R2 U' F2 L2 U' R2;2022-11-02 19:52:05;4.56
100;2.88;;F L F B U' R U' L F2 L2 D' F2 D' L2 B2 U2 B2 D B';2022-11-02 19:52:11;2.88
101;1.67;;L' D' L2 F' R D2 B' R L' D2 L2 F2 U2 R2 F' R2 B L2 D2;2022-11-03 23:33:07;1.67
102;1.80;;R U' F2 L2 D' L2 U F2 L2 D2 B2 D' B F2 U L2 B2 U';2022-11-03 23:33:11;1.80
103;2.24;;F2 D F2 U B2 D' L2 U' L2 D' B2 F U' R' U2 R2 F' D' B' L' U2;2022-11-03 23:33:14;2.24
104;2.21;;U2 F D2 B2 R2 U2 R2 D' L2 D L2 D' B2 L B F U R F U2;2022-11-03 23:33:30;2.21
105;2.21;;B R' F U' B2 R2 D2 B2 U B2 U' F2 U2 L' U R D2 L U' B';2022-11-03 23:33:37;2.21
106;2.18;;R' D2 B2 L2 U' L2 F2 U2 B2 U' L2 F D2 R U B2 D' B2 R D';2022-11-03 23:33:40;2.18
107;1.92;;D B' R' F2 D' B2 L' U F U2 L2 B' L2 U2 F U2 F' R2 B D;2022-11-03 23:33:43;1.92
108;1.86;;F L2 D B2 D' F' R2 D' F L2 U2 F2 D2 L D2 L B2 R L U2;2022-11-03 23:33:46;1.86
109;1.77;;F2 U L2 R' B2 U2 L2 B2 U2 F2 D2 R' B2 R2 U' B' R2 U' L2 R' D2;2022-11-03 23:33:49;1.77
110;2.34;;F2 R2 L' U D R D L2 D2 B U2 R2 L2 F' U2 F' L2 F L' F';2022-11-03 23:33:53;2.34
111;1.82;;L F D' R L' D2 B' L' U' R2 D2 L2 D2 B' R2 F D2 F2 D2 L2 U2;2022-11-03 23:33:56;1.82
112;1.73;;L' B2 D2 U2 F' D2 U2 B' D2 B R2 B U' B2 R2 U' L2 R D;2022-11-03 23:33:59;1.73
113;1.80;;F2 D2 R2 B' L2 B2 R2 F' D2 F L2 D' B' F2 D2 L' R U' B2 F2;2022-11-03 23:34:02;1.80
114;1.86;;F U2 F2 D2 R' D2 L2 B2 L2 B2 R2 F D' L D2 F L D' B' L;2022-11-03 23:34:07;1.86
115;2.12;;U' F2 D L2 R2 F2 R2 U R2 D2 R2 U2 F' D R' F D B2 D' F' L;2022-11-03 23:34:10;2.12
116;2.08;;B2 R2 F2 U2 F2 U' L2 D' L2 U2 F R' D L' R' F' D2 B R2 B2;2022-11-03 23:34:40;2.08
117;1.83;;B R2 F2 L2 U' L2 U2 B2 U' R2 D R B2 U' F2 U L' B';2022-11-03 23:34:43;1.83
118;1.89;;R B R' L' D F U B R2 D2 L B2 D2 F2 D2 R B2 L2 D2;2022-11-03 23:34:46;1.89
119;2.48;;B2 D L2 R2 U B2 F2 R2 D B2 U' F' D' U F R F' R' B R2;2022-11-03 23:34:49;2.48
120;2.44;;F' R B R2 B2 D L2 F2 U' B2 F2 R2 U2 B D2 R D2 F' D B2;2022-11-03 23:34:58;2.44
121;2.01;;U' F' L2 U' R2 U B2 R2 D R2 U2 B2 R2 D2 F R B R U' R' B';2022-11-04 14:42:55;2.01
122;1.89;;L F U F2 D2 L F U' R U R2 U L2 U F2 R2 L2 U2 L2 U;2022-11-04 14:42:58;1.89
123;2.18;;U B' U' B2 F2 D R2 D L2 U L2 F2 U2 L2 R' D2 B R' D L2 F';2022-11-04 14:43:01;2.18
124;2.12;;R' U2 R' U L2 D B' L' U D2 R' F2 L' F2 L F2 U2 F2 D2;2022-11-04 14:43:04;2.12
125;2.24;;B' L2 U D' R D L F D R2 U' L2 D L2 F2 L2 B2 D L2;2022-11-04 14:43:08;2.24
126;1.95;;U F D2 B2 R' B R L2 D R2 D L2 D2 B2 D' L2 R' F2;2022-11-04 14:43:17;1.95
127;2.04;;L2 F2 L' B2 L D2 R B2 F2 D2 R' U' B' L B2 L' R' B' D R2;2022-11-04 14:43:32;2.04
128;3.50;;L F2 R' B2 L' U2 R' F2 L B2 R U' L2 F D' U2 F' L B2 F;2022-11-04 14:43:35;3.50
129;1.92;;L B L2 R U2 R' F2 R F2 R B2 L2 F2 D U' F' R' F2 U' R;2022-11-04 14:43:48;1.92
130;1.79;;L2 D R2 L' F' U2 B L F L2 D' R2 U' F2 B2 U' F2 D F2 B';2022-11-04 14:43:52;1.79
131;1.83;;D B2 D2 U B2 L2 B2 F2 U' R2 F' R2 D R' D U L D2 U' L2;2022-11-04 14:43:55;1.83
132;2.50;;B2 D F2 U' F2 D F2 L2 R2 F2 U2 F R2 U B' L' F D B2 U' L';2022-11-04 14:43:58;2.50
133;1.96;;L U' R2 B2 U F2 U' L2 D' B2 F2 L2 F' R' F' D2 B' L B' L2;2022-11-04 14:44:06;1.96
134;1.89;;R' U' R2 B2 R' F2 U2 L' B2 R' D2 U2 R2 U' R2 B' L' F' R' D F;2022-11-04 14:44:10;1.89
135;1.80;;R2 D' B2 R2 D2 L2 B' R2 B' R2 D2 B' L2 U R2 B' F U' R' F2;2022-11-04 14:44:18;1.80
136;1.95;;R2 F2 R2 U B2 D R2 F2 R2 B2 D2 L2 B' L2 F2 R' D' L' R' U' F2;2022-11-04 14:44:21;1.95
137;2.11;;U' R2 D L2 F2 D' F2 R2 U2 R2 U' F2 B D L' F' R U2 F U' R;2022-11-04 14:44:24;2.11
138;2.17;;F2 U2 R2 F2 D2 F2 U F2 U2 R2 B L' F D F' D R' F' D U' F';2022-11-04 14:44:27;2.17
139;1.86;;L2 F R2 F D2 U2 F' R2 B' U2 F2 U' L F L D2 L' D2 F;2022-11-04 14:44:31;1.86
140;1.86;;U L' U B2 R L2 F R B2 L B2 R U2 R2 D2 L F2 L D' L';2022-11-04 14:44:34;1.86
141;2.76;;U2 L F' B2 L' U2 L' U2 F2 L2 R' D2 B2 F2 U' B F2 R' D2 F2 D';2022-11-04 14:44:59;2.76
142;1.86;;D2 B2 U2 F' U2 R2 B2 L2 B L2 B' U R F2 R' B2 R' B2 U L;2022-11-04 14:45:03;1.86
143;2.28;;R F' D2 B2 F' D2 R2 D2 U2 B R2 U2 F' D B' L R2 D' L' R' F;2022-11-04 14:45:06;2.28
144;1.88;;U L' U2 R2 U2 L2 B2 U B2 R2 U2 B2 R2 U F D R U2 B' F' L2;2022-11-04 14:45:09;1.88
145;2.04;;L R2 U2 F2 L2 U2 B2 L U2 R' U2 F2 U' R F U' B2 F R B R;2022-11-04 14:45:12;2.04
146;1.89;;R B2 R U2 L2 U2 F2 R' F2 L' D2 B' L2 D' F' R' U' R' F' D;2022-11-04 14:45:15;1.89
147;1.92;;U2 R' D2 L B2 L2 D2 U2 L D2 F R2 U B' D B' R' F' D';2022-11-04 14:45:18;1.92
148;2.12;;F D2 U B L2 R2 U2 B D2 B U2 L' D' F' D2 R F2 R';2022-11-04 14:45:23;2.12
149;1.92;;F R2 F2 U F2 R2 U B2 R2 F2 D' F2 R F' U' F L' B F U;2022-11-04 14:45:26;1.92
150;2.50;;U2 F' D2 F2 R2 D F2 L2 B2 F2 D U L' D B' U2 R2 D L U2;2022-11-04 14:45:29;2.50
151;2.21;;B L' U F' U2 F L B R' B2 D2 B2 L' U2 R2 D2 F2 R2 B2 F;2022-11-04 14:45:32;2.21
152;2.02;;U2 B' D' B' U D L' D' B' R2 F' L2 F L2 D2 F2 U2 B' D2 F2 D;2022-11-04 14:45:36;2.02
153;1.92;;D' B' R2 L F U F D2 R' D2 R F2 U2 R' U2 D2 R2 F' R';2022-11-04 14:45:39;1.92
154;1.99;;R2 U' D' B R L' B L D R2 D' B2 D' F2 R2 D L2 F2 R2 D F';2022-11-04 14:45:42;1.99
155;2.05;;U2 R2 U2 R2 U2 B2 U2 B D2 R2 F R B L2 U F R' D' L D' B';2022-11-04 14:45:45;2.05
156;3.24;;R B2 R2 B2 R2 U2 F R2 B' U2 R2 F' R2 L' U' B' F' D L' R2 B2;2022-11-04 14:45:48;3.24
157;2.18;;F2 L2 U' L2 D2 F2 D2 B2 U F2 U L' U B' D2 F' L D2 R B' U2;2022-11-04 14:46:06;2.18
158;1.89;;D2 L2 U2 F' U2 F' L2 R2 F' R2 D2 B U F' D2 B2 L' F2 U2 R' D;2022-11-04 14:46:10;1.89
159;1.83;;L' D2 R U' B L' F' L U2 R2 F2 B' R2 U2 B' U2 L2 F' U2 F';2022-11-04 14:46:12;1.83
160;2.02;;D' R2 F2 D' R2 D2 F2 L2 F2 U' R' D B2 D2 B' F' U R B L;2022-11-04 14:46:23;2.02
161;2.08;;B' U' B R L' U L' U2 L U2 B L2 U2 B U2 F R2 L2 F U2 F';2022-11-04 14:46:26;2.08
162;2.72;;D B R' U2 B2 D R F' U2 B2 U R2 L2 D' R2 U' F2 R2 D B;2022-11-04 14:46:29;2.72
163;2.08;;R2 B R2 F' R2 D2 R2 B D2 B2 U2 L' D R' D R2 U' B' R2 F;2022-11-04 14:46:33;2.08
164;1.99;;L F' D2 F2 D2 B2 R U2 R2 B2 L2 R B L R' D B2 D2 U;2022-11-04 14:46:36;1.99
165;2.37;;L2 D2 R F' B2 U L' B U' R2 F2 L2 U R2 U B2 U' R2 U2 L2;2022-11-04 14:46:39;2.37
166;1.96;;F2 L' F2 D2 U2 R' B2 L' B2 F2 R2 B' D R' F U' F' L2 F' U' L;2022-11-04 14:46:42;1.96
167;2.31;;B' L D L2 D R2 D' U B2 L2 R2 F' R' D2 B U L U2 L;2022-11-04 14:46:45;2.31
168;3.20;;F2 B R F' D B R' U L' F2 D2 L2 B' D2 B' L2 B L2 D2 F2 D2;2022-11-04 14:46:48;3.20
169;2.47;;R2 U2 B2 D' F2 L2 D2 F2 D' L2 B2 U2 F' L B2 F' U' B F' L D;2022-11-04 14:49:10;2.47
170;1.88;;B R U2 R2 D2 R' F2 D2 R' B2 F2 R' D' B' U2 R D' F L2 B2 U;2022-11-04 14:49:13;1.88
171;2.72;;R U2 L2 D2 L2 F' L D F' L2 B' D2 L2 F' R2 B D2 B' U2 F2;2022-11-04 14:49:18;2.72
172;1.80;;B2 L' B' D2 L2 F U2 F' R2 F2 U2 B' F' R' B' D' U' F' D2 B' U;2022-11-04 14:49:22;1.80
173;2.15;;U2 B2 U' B2 D R2 U' B2 L2 F' L2 U R D R2 F2 L' R2 B';2022-11-04 14:49:25;2.15
174;2.01;;L' U2 B2 R B2 L R2 D2 L2 D2 F' D' B' L2 R' F U' L2 F';2022-11-04 14:49:28;2.01
175;2.15;;B D' L F' L D' R F R2 F' U2 R2 F L2 U2 L2 B2 U2 B' L;2022-11-04 14:49:31;2.15
176;2.08;;B2 D L F' R B' D' L' B2 R' B2 L2 F2 L F2 U2 F2 R2 U' B;2022-11-04 14:49:34;2.08
177;2.11;;B2 U' B2 D2 B2 L2 R2 D U L2 B' U F L' F L2 D F2 R F';2022-11-04 14:49:37;2.11
178;1.98;;L D2 F2 L U2 B2 R' F2 L B2 L' U' F R2 B L2 D2 R' B L;2022-11-04 14:49:40;1.98
179;2.31;;R2 D F D2 B' U2 L2 B2 D2 F D2 F' U2 D' R U2 R2 U' F' L' U2;2022-11-04 14:49:43;2.31
180;2.11;;L' F' B R B' U' L B2 R' U' B2 D' R2 B2 D2 R2 F2 U L2 D;2022-11-04 14:49:47;2.11
181;2.66;;B2 L' F L2 R2 F2 L2 U' R2 U' L2 D' U2 B2 R' U F D2 B' D';2022-11-04 14:49:50;2.66
182;1.99;;F2 R2 B2 R2 D2 B' R2 F' R2 D2 U2 B' D L' D2 R' F' R2 U2 F2 R;2022-11-04 14:49:53;1.99
183;2.11;;L2 R2 B2 D U F2 L2 D' R2 U B2 F L' U2 R U' B U B2;2022-11-04 14:49:56;2.11
184;2.37;;B2 R' U2 B' D2 R D2 F U' R' D' R2 D L2 F2 L2 D' R2 F2 D;2022-11-04 14:49:59;2.37
185;2.60;;D2 F2 D2 U2 L F2 R D2 L F2 R D' B' U' F2 R' F R' U2 L D2;2022-11-04 14:50:03;2.60
186;2.05;;U F2 R2 B2 R' D2 R D2 F2 D2 B2 U2 B' R' U' R' F U' L' B';2022-11-04 14:50:06;2.05
187;2.37;;F2 D2 R2 D' R2 B2 U2 R2 F2 B' D2 R' U L2 D' B' R2 D2 F;2022-11-04 14:50:16;2.37
188;2.27;;L B' U2 B' R D2 B' L U' D2 L2 F' R2 F B2 R2 D2 B2 R2 U2 F;2022-11-04 14:50:19;2.27
189;1.98;;L' U2 R' U2 L2 F2 R' B2 U2 F2 D' L2 R2 B' U R' B U L U';2022-11-04 14:50:22;1.98
190;2.31;;R2 F L F' U D2 L F' D' F' L2 U2 L2 B' R2 F R2 F L2 D2;2022-11-04 14:50:28;2.31
191;2.31;;L' B D L F U F' B2 R' B' U2 R2 F2 R2 U F2 L2 D2 F2 D L2;2022-11-04 14:50:31;2.31
192;1.98;;B2 L2 U' B2 R2 F2 U R2 U' B2 D' L2 F' D L B' D2 U2 B L R2;2022-11-04 14:50:38;1.98
193;2.76;;B' U' L' F2 D B2 U' F2 L2 U F2 L2 F2 B' D L F U2 R D;2022-11-04 14:50:41;2.76
194;2.08;;B F2 D2 B2 F D2 U2 R2 F' L F2 D' B' F R U L' R2 B';2022-11-04 14:50:45;2.08
195;2.56;;R U R2 F B R' L' B L F2 D L2 F2 U L2 D2 B2 D R2 B2;2022-11-04 14:50:48;2.56
196;2.20;;F' B R' B2 D' F' L' U' B R' D2 R2 U2 B2 R L2 F2 L2 U2 F2 U2;2022-11-04 14:50:52;2.20
197;1.95;;B2 R' D2 L D2 R D2 L2 F2 R F2 R' D' B2 F' U2 L' B U;2022-11-04 14:50:55;1.95
198;1.99;;D2 R2 L B L2 U' L B' U R2 F2 U' B2 L2 B2 D' L2 U F2 D;2022-11-04 14:50:58;1.99
199;1.96;;B2 L F2 D' F2 D' R2 B2 D2 L2 D' F2 D2 R U' L U' B' D2 U';2022-11-04 14:51:01;1.96
200;2.23;;U F' R2 D B' L U' R2 B R' F2 U2 L2 U2 B2 R F2 L2 U2 D2;2022-11-04 14:51:04;2.23
201;2.18;;D' B2 R2 F2 U F2 U' B2 D R F' R B U' R2 F2 L' U2 F2;2022-11-04 14:51:09;2.18
202;1.98;;F' R D B2 D' R2 F2 L2 F2 D B2 D U2 L' B U2 F2 R' B' D2;2022-11-04 14:51:12;1.98
203;2.08;;F' L2 D' B2 D F2 U2 R2 D' F2 D B2 U R U' B L2 D R2 D F2;2022-11-04 14:51:15;2.08
204;2.08;;U' L2 B2 L2 D R2 B2 U F2 D L2 B2 L' F' R' D' U B U B' F2;2022-11-04 14:51:19;2.08
205;2.12;;R B2 D2 R2 B U2 F' D2 L2 F2 L2 B R D L2 R D U' B R';2022-11-04 14:51:22;2.12
206;1.95;;L2 R2 F2 L2 U L2 D' F2 D L2 U R2 F' D2 L U R2 F U R' U2;2022-11-04 14:51:25;1.95
207;2.12;;L U F' R2 D2 F' U2 R2 F' L2 R2 U2 F' L D B2 F L2 R' B2;2022-11-04 14:51:28;2.12
208;2.12;;F2 U' F' D2 F' L F' B2 D R2 U' L2 F2 D F2 U L2 U;2022-11-04 14:51:31;2.12
209;2.34;;F L' B2 R U2 B2 D2 B2 L' U2 R U2 L2 B' L' F R F2 D' R2;2022-11-04 14:51:34;2.34
210;2.33;;L2 U2 L2 U F2 R2 U2 R2 D' F2 D2 L2 F' D' L F D F U B2;2022-11-04 14:51:37;2.33
211;1.96;;U' B2 U' L2 B2 F2 U2 L2 B2 U L2 U B L' F' L' F' R' F' L' F2;2022-11-04 14:51:43;1.96
212;1.95;;B' F2 D F2 R2 D2 R2 D2 B2 D L2 F2 L2 B' R2 U' L B' L R' D;2022-11-04 14:51:49;1.95
213;2.30;;U2 B2 R F2 L U2 L U2 B2 D2 B' U B L U2 B' L2 D2 L;2022-11-04 14:51:55;2.30
214;2.69;;D' U' B2 U' L2 B2 R2 B2 D' B2 L2 R B L2 R2 F' U2 L2 D' B2 F;2022-11-04 14:51:58;2.69
215;2.05;;U L2 D2 R U2 L' D2 L D2 R2 U2 L2 D' B R' U2 F R' B';2022-11-04 14:52:01;2.05
216;2.72;;L U' B2 R2 D U B2 U' F2 L2 B2 F R' U B2 D R D';2022-11-04 14:52:14;2.72
217;3.14;;U' F' L2 B2 D' U2 F2 U B2 R2 D' F2 U F' L B D' B2 D' B' R';2022-11-04 14:52:17;3.14
218;2.21;;F R2 B' U' B2 D' L F' U L' F2 R F2 B2 D2 L' B2 R F2 B2 R2;2022-11-04 14:52:22;2.21
219;1.89;;U' B' D2 L' U F' D' B2 R2 U2 D2 F2 R D2 R' U2 L' F2 L' F U2;2022-11-04 14:52:25;1.89
220;1.99;;U R U B U2 D' B U2 R U2 F2 L2 D2 B2 U2 R D2 B2 R2 U;2022-11-04 14:52:28;1.99
221;2.01;;U2 R2 B2 U2 B2 F2 R2 D' F2 U' F2 U2 R B' U F U R2 B2 R;2022-11-04 14:52:30;2.01
222;2.02;;U' F' D' R B2 U' F' B2 D2 F2 L2 U2 R2 F2 L' F2 R' F' R;2022-11-04 14:52:33;2.02
223;2.08;;B D F2 R2 U R2 D2 B2 U' F R U2 B' D U2 B2 L R2;2022-11-04 14:52:36;2.08
224;2.34;;F2 L' D2 L' B2 U2 L' D2 R D2 U2 F U' L2 B L D L D' R;2022-11-04 14:52:43;2.34
225;2.04;;L F2 U' R2 U' F2 L2 D2 R2 U' R2 U F2 R' F D' U2 R' B;2022-11-04 14:52:46;2.04
226;1.96;;D' B D2 F' R2 F2 R2 U2 F R2 F L2 F L D2 R2 B2 D B2 U;2022-11-04 14:52:49;1.96
227;2.05;;R' D2 L2 D B2 D L2 U F2 L2 B2 R B' F U' L R' B' D2 R';2022-11-04 14:52:52;2.05
228;2.47;;L2 B2 F R2 F2 U2 R2 D2 B R2 D' U' F L' D2 R' B' U F L';2022-11-04 14:52:55;2.47
229;2.20;;L' B R L' U F' R B' D' R2 U2 D F2 R2 F2 D' B2 L2 U' R2 B';2022-11-04 14:52:58;2.20
230;2.37;;D' L D L2 U' R2 D' F2 U R2 U B R B2 U B D R2 B';2022-11-04 14:53:01;2.37
231;2.28;;U2 R F2 U' L2 U2 B2 L2 D' L2 U F2 R D B' F' L R D U2;2022-11-04 14:53:08;2.28
232;2.43;;B2 R' B2 U2 L' D2 R' B2 D2 R D2 L2 U R D' U R' B' U F D;2022-11-04 14:53:11;2.43
233;2.04;;U L2 D B2 D' R2 U' F2 U' R2 D2 F' R' B U B2 R2 B' D R' U2;2022-11-04 14:53:19;2.04
234;2.56;;R' U' L F L' F2 L' B U D F2 D L2 D R2 L2 D2 B2 F D';2022-11-04 14:53:22;2.56
235;2.12;;L2 B2 U2 R2 F2 R' D2 B2 R B2 L2 U L' B' D B' U2 R2 B U L';2022-11-04 14:53:25;2.12
236;1.89;;F2 B' L' U' F' U2 R2 L' D L' U2 R F2 U2 L2 F2 U2 L F2 B2;2022-11-04 14:53:28;1.89
237;1.92;;R2 B2 L2 D' U2 B2 D' R2 D' L2 R2 F R2 U' B' R' F L D U';2022-11-04 14:53:34;1.92
238;2.14;;U2 L2 D2 R U2 R B2 L' U2 R' F2 U2 D F R' U' R' B U B2;2022-11-04 14:53:38;2.14
239;1.96;;F2 D R2 F' L B R' U L' D' L2 B2 D' F2 D' F2 U2 B2 R2 B2 F;2022-11-04 14:53:41;1.96
240;2.15;;D2 B R2 B' R2 U2 B' L2 F R2 B' L' B L D U' B2 R B';2022-11-04 14:53:44;2.15
241;2.34;;L2 B2 F2 R2 D' R2 U L2 R2 F2 L2 R' F U2 F' L2 U2 L' B F D';2022-11-04 14:53:47;2.34
242;2.08;;R' D2 U2 F' L2 B' L2 B U2 R2 U2 F D2 L' D R U B L' F R2;2022-11-04 14:53:50;2.08
243;2.24;;D' B L2 D R2 U R2 U2 R2 B2 D' R2 U2 L' U' B F R B2 L';2022-11-04 14:53:53;2.24
244;1.96;;R' B2 D' B R' B L U R2 B L2 B' R2 B' L2 D2 F' U2 D2 F;2022-11-04 14:53:57;1.96
245;2.02;;D2 F' L' B' U2 D' B U F R L2 D2 B2 L D2 B2 D2 R2;2022-11-04 14:54:00;2.02
246;2.02;;L2 B2 D F2 U2 R2 U' B2 D2 U' B2 R B' D L' D' L2 F' R2 D';2022-11-04 14:54:03;2.02
247;2.01;;B F2 U2 R2 U2 F' D2 R2 B R2 B F L' B F' L2 D' U L' F2;2022-11-04 14:54:06;2.01
248;1.89;;F2 R2 D2 B2 U R2 D L2 D' R2 L' F R' B2 U L2 D' F L R;2022-11-04 14:54:09;1.89
249;2.60;;B2 U F2 D2 F2 L2 F2 U B2 L2 U F L2 F' L' U' L' D F D;2022-11-04 14:54:11;2.60
250;2.18;;F' L2 B2 R2 U2 B' U2 L2 F' L2 B' L2 R' D' U2 L2 F L2 B2 F2 D;2022-11-04 14:54:16;2.18
251;3.43;;L2 F2 U2 B R2 B2 U2 L2 F' U2 L2 R F' L' U L D U' R';2022-11-04 14:54:19;3.43
252;2.21;;R' D2 R2 U' B2 D2 B2 F2 D R2 B2 F2 U2 F' R B R2 U F2 D' L2;2022-11-04 14:54:43;2.21
253;2.66;;D2 B' D2 B2 L2 B R2 F L2 U2 L2 B' U B2 L2 B U2 F L' D' R';2022-11-04 14:54:47;2.66
254;2.44;;U' F2 R B2 L' B2 U2 L F2 U2 L' D L' U R' U2 B F' L';2022-11-04 14:54:50;2.44
255;3.04;;D' R2 U2 L2 D2 F' L2 B F' L2 U' B' L' B' R' F2 L2 U';2022-11-04 14:54:53;3.04
256;2.12;;L' B U' L' F' U' F' U L B2 D2 R2 F2 U2 R F2 L' F2 R' F;2022-11-04 14:54:57;2.12
257;2.41;;F' B2 D' F2 D U2 F2 D2 F2 L2 B2 R D U F' L2 D' R2 D2;2022-11-04 14:55:01;2.41
258;2.56;;F2 L2 D' B2 U' F2 D U2 F2 L F' L2 D F' L' F2 R D' F';2022-11-04 14:55:04;2.56
259;2.08;;D2 F L2 F D2 B F2 D2 U2 R2 B2 L' U2 R D B2 F2 U2 R F;2022-11-04 14:55:07;2.08
260;1.98;;U2 F' U' D L F' D' F U' D B2 U R2 D R2 L2 U' L2 B2 R';2022-11-04 14:55:11;1.98
261;2.08;;F' L D2 F2 L' F2 L B2 L U2 R2 U2 B2 D B U B2 U' L' R;2022-11-04 14:55:14;2.08
262;2.21;;B L2 D F' R2 U R' B' L' D2 R2 U F2 U B2 D' F2 L2 B2 L2 D;2022-11-04 14:55:17;2.21
263;2.40;;U2 B' L2 B' D2 L2 F' L2 F2 D L' B U F2 L' R' B2 F R2;2022-11-04 14:55:20;2.40
264;2.56;;L' B' L2 D R2 U' L2 D' R2 B2 D2 U2 R2 U F D L D' B2 R2 F2;2022-11-04 14:55:23;2.56
265;2.53;;L2 F' U2 R' L' D2 R D' F2 R2 D2 B' U2 B' D2 B D2 L2 B2 L' B;2022-11-04 14:55:27;2.53
266;2.04;;D' L' F2 B' R U' F' B' R2 F2 B2 R2 D' F2 L2 F2 R2 U B2 D;2022-11-04 14:55:31;2.04
267;2.14;;D2 R' U R2 U R2 U R2 B2 L2 D' B2 D R2 F' R B D L R2 B2;2022-11-04 14:55:34;2.14
268;1.96;;R B' D' L2 F' L2 B U' L' B2 U' F2 U F2 U' R2 D' B2 D2 F2 D2;2022-11-04 14:55:37;1.96
269;1.85;;U' R2 U2 B2 U' F2 L2 U2 B2 F' D' B' L2 D2 F2 R F' U2;2022-11-04 14:55:42;1.85
270;1.96;;B' L D F' R2 F' R' B U' B2 R2 F2 U2 R2 D2 F R2 F2 B D2 L;2022-11-04 14:55:45;1.96
271;2.53;;D2 F2 D B2 R2 U2 F2 U B2 U' R2 U B' D' L U2 B2 L' F' L2 R';2022-11-04 14:55:48;2.53
272;2.44;;R2 F2 B2 R2 D' F' L F2 R2 U D L2 U2 R2 B2 L2 B';2022-11-04 14:55:51;2.44
273;2.08;;F2 R2 B U2 B2 L2 R2 B L2 F2 L2 U' R F2 D' U' B2 U' L2 R F;2022-11-04 14:55:55;2.08
274;2.75;;D2 U2 F' U2 R2 B F2 D2 F2 D2 L2 U F2 R F' D B2 R' D' F2 D';2022-11-04 14:55:58;2.75
275;2.50;;F2 U D' B' D' R U' L2 D R2 D2 R2 L' D2 B2 L2 D2 R' F2 R2;2022-11-04 14:56:02;2.50
276;2.05;;F' D L' F' D R2 L2 B D' B2 L2 D' F2 B2 U' F2 B2 U R2 D2;2022-11-04 14:56:06;2.05
277;1.92;;R D' R2 D2 F' U2 R2 F' L2 U2 F U2 B D L' F' R2 U2 L2 R B2;2022-11-04 14:56:09;1.92
278;2.04;;B2 L' F2 U2 L2 U2 F2 L' F2 L2 U' L' F' R2 B' L' B2 R2 D F;2022-11-04 14:56:12;2.04
279;1.95;;L2 D U B2 L2 D' R2 D' F2 D B2 L' B L2 U L2 F2 D2 U2;2022-11-04 14:56:15;1.95
280;2.40;;D2 F2 U2 B2 L U2 R2 F2 R' F2 R2 D F2 R' B R2 D F L2;2022-11-04 14:56:18;2.40
281;1.89;;D2 U L2 U' B2 D B2 U F2 U F U' L2 D' R2 F U L2;2022-11-04 14:56:21;1.89
282;2.08;;U B2 U' B2 D' L2 U' R2 U2 B2 U' L' D R' U2 B R U' L2 U';2022-11-04 14:56:24;2.08
283;2.50;;B U' R2 D2 B R2 B F2 U2 B2 U2 L2 F2 U' L' U2 B' L' R' B;2022-11-04 14:56:28;2.50
284;4.00;;U L2 B' L2 B2 L2 D2 F' R2 D2 F' U2 B' L' F' D B' F2 R' D2 U;2022-11-04 14:56:31;4.00
285;2.02;;U' F' R2 U2 F2 L2 F2 L2 U B2 D U2 R2 D' R F L B' D R' F2;2022-11-04 14:56:37;2.02
286;2.24;;B' L2 U2 F2 L2 F L2 F' R2 F U2 F2 U L D' B2 L' B U F U';2022-11-04 14:56:40;2.24
287;2.01;;B2 U2 R2 U F2 U' L2 U F2 L2 F2 L D U F R D2 L' F L' U2;2022-11-04 14:56:46;2.01
288;1.96;;F2 L F' U2 L2 U2 R2 B' D2 F U2 B' R2 D2 U B' R2 F2 U L F2;2022-11-04 14:56:51;1.96
289;2.17;;D U2 B' U2 B L2 F' D2 B2 D2 B D2 U2 L' U L' D2 F2 L' F' R';2022-11-04 14:56:54;2.17
290;2.01;;L' D2 R B R2 D' R' U' R F2 R2 B U2 L2 U2 L2 F U2;2022-11-04 14:56:57;2.01
291;2.34;;B' U2 F2 D' F' L D' L2 B' R2 F R2 F L2 F2 U2 F R2 B' R D';2022-11-04 14:57:02;2.34
292;2.72;;F2 U2 R' B2 L D2 L D2 L2 D2 F2 R2 U L2 B L D2 L R F2 U;2022-11-04 14:57:13;2.72
293;2.17;;R2 U L B2 U2 R' B2 D2 R2 U2 R U2 F2 R2 D' B2 F R' B' R' F';2022-11-04 14:57:17;2.17
294;2.63;;F2 R2 U' F2 D' L2 U2 L2 U2 B2 R' F L2 U' R D' L2 B' L;2022-11-04 14:57:20;2.63
295;2.05;;D2 L2 D2 U2 B' D2 F' D2 F2 D2 U2 R2 L' F' R' B D' L F2 U2;2022-11-04 14:57:23;2.05
296;2.02;;U2 B2 L2 D2 F2 U' L2 D L2 F2 D' B2 L' B L B' L2 R' U F' D;2022-11-04 14:57:26;2.02
297;1.92;;D' L' D' R2 D R2 D' L2 D L2 U L2 D L' F L2 D' F R2 F';2022-11-04 14:57:29;1.92
298;2.75;;F2 R' D2 R2 B2 R2 U2 B2 D F2 U R2 U' F' D R2 D2 B R U' L2;2022-11-04 14:57:32;2.75
299;2.31;;D R2 B R2 F L2 B' R2 B' F2 U2 L2 U B L R2 U2 B' D U;2022-11-04 14:57:36;2.31
300;2.34;;F2 R B2 R2 D R' D R F' U2 L2 F' R2 B2 U2 R2 B D2 R' L2;2022-11-04 14:57:39;2.34
301;2.08;;L' U' L2 D2 F2 R2 U R2 D' B2 U2 R' F' L U2 B F2 L' F U;2022-11-04 14:57:42;2.08
302;2.02;;F B2 L2 B2 D2 U' L2 D F2 D U' F U' R D' F' L D' B R2;2022-11-04 14:57:45;2.02
303;2.46;;D F D2 R' L2 B' L2 U' F' B2 R B2 R' U2 R2 U2 L' F2 D2;2022-11-04 14:57:49;2.46
304;2.08;;L' U' L D R L U' L2 F L U2 D2 R B2 D2 R F2 L2 U2 R';2022-11-04 14:57:53;2.08
305;2.40;;R B R U B2 L F L2 F U L2 D2 L2 D2 B2 U' F2 U R2 F2 L2;2022-11-04 14:57:57;2.40
306;2.88;;R' D' L2 B2 U F L F U2 F' R2 D2 B U2 L2 U2 F U2 F U L;2022-11-04 14:58:00;2.88
307;3.08;;U2 L2 B2 U2 F2 U2 L2 U2 B R2 B' D L' R D R2 F' L;2022-11-04 14:58:04;3.08
308;2.01;;U2 D2 F' L' D2 F' U' B2 L D2 R F2 R' B2 R2 U2 B2 L B U';2022-11-04 14:58:09;2.01
309;2.15;;B2 D' L B L U2 L R2 D F2 R2 U F2 D' R2 F2 U' F2 U L;2022-11-04 14:58:12;2.15
310;2.53;;F D R L' D' F D2 B R L F2 D2 F2 L' F2 R' B2 D2 R D;2022-11-04 14:58:15;2.53
311;2.37;;F L B2 U' F' L2 F R U L' F2 B2 L F2 B2 U2 F2 B2 L';2022-11-04 14:58:19;2.37
312;2.37;;B R' B' L2 B2 U L2 B2 U' L2 D2 R2 F2 D2 R' B R D' B D2 F;2022-11-04 14:58:24;2.37
313;2.05;;L' B U2 B R2 F D2 F U2 F R2 F D' B' L' B U B2 D2 F R';2022-11-04 14:58:28;2.05
314;2.05;;F2 U L' D2 R2 L' U2 B R' F2 U2 R2 U B2 D L2 D2 R2 U' R2;2022-11-04 14:58:31;2.05
315;2.05;;U' F2 R' D' B2 U L2 D' F2 D' B2 U' L2 U2 R' D B' D2 F' U B;2022-11-04 14:58:34;2.05
316;2.14;;L F' B' R2 D' B2 U2 R' U B' D2 R2 D2 B2 U2 L2 B2 L2 F D2;2022-11-04 14:58:37;2.14
317;2.95;;D2 L2 F L2 F' R2 D2 F R2 F' L2 B' D U B' L R2 F' L2 F2 L';2022-11-04 14:58:40;2.95
318;2.37;;L D B' D2 B' L2 U2 F' D2 F2 L2 R2 F' R U2 F' U2 B R F2;2022-11-04 14:58:44;2.37
319;2.02;;L U' L B' L' U2 F' R2 D2 B2 D B2 R2 L2 U F2 R2 U2 R' U';2022-11-04 14:58:47;2.02
320;1.89;;D' B' R2 U' R2 U R2 U R2 D2 B2 D' R2 F' L' R' B' F R F2 L2;2022-11-04 14:58:50;1.89
321;1.98;;B2 U2 L2 F2 L2 B2 U F2 D B2 U2 L2 F L2 U' B2 L' F2 D' L' B';2022-11-04 14:58:53;1.98
322;2.40;;F L U F U' F' R' D' B2 U' F2 B2 R2 D B2 L2 B2 D2 L2;2022-11-04 14:58:56;2.40
323;2.21;;B2 R' B2 L' D2 L2 F2 U2 R F2 U' B R2 U2 F' R' U2 R' U';2022-11-04 14:59:00;2.21
324;2.24;;F2 L' B R U' L' D' B2 U' R2 U2 F2 B L2 D2 B D2 F2 R2 D2 L2;2022-11-04 14:59:03;2.24
325;2.40;;L2 U' L2 F2 D' F2 U' B2 R2 U2 F2 R2 F D' U B' F D' L D' U';2022-11-04 14:59:06;2.40
326;2.95;;F L' B2 R' F2 R' F2 R2 U2 B2 R' U2 R2 F L' R' B D F' D2 F2;2022-11-04 14:59:10;2.95
327;1.92;;U' R2 F2 U2 R F' U R U R D2 F2 R' D2 L' U2 L D2 L B2;2022-11-04 14:59:17;1.92
328;1.96;;B2 D U B2 R2 D2 R2 F2 U' B2 R2 B D2 R' D L F2 R' F D R;2022-11-04 14:59:21;1.96
329;2.18;;R' B' F2 D2 R2 U L2 B2 D2 F2 D R' B' D R2 B' D U2 B;2022-11-04 14:59:24;2.18
330;1.95;;D' R' F' U L D L D2 F2 R2 F U2 B D2 L2 F' R2 U2 F' L U2;2022-11-04 14:59:27;1.95
331;2.33;;F R' B' L2 B U2 B L2 U2 B L2 U2 F2 U2 L D2 R' D F' U' B;2022-11-04 14:59:30;2.33
332;2.78;;B2 U2 B' L2 U2 R2 U2 F' R2 U2 B2 U2 R D' L D2 B' F' D' F2;2022-11-04 14:59:43;2.78
333;1.98;;F2 D R2 D R2 B2 U2 R2 U L2 R2 B2 R' F2 D2 F' L2 B2 L D' R2;2022-11-04 14:59:47;1.98
334;2.31;;R' F' D L2 U L' U2 R' D L2 F' D2 B' D2 F' D2 B' R2 F2 L2 U2;2022-11-04 14:59:50;2.31
335;1.92;;D' B2 L2 B2 D L2 U' F2 U B2 D' L2 R U2 B L R' B' L B2 R;2022-11-04 14:59:53;1.92
336;2.17;;R' F U2 D' F2 R' D R2 B2 R2 B2 R B2 L2 F2 L' F2 R B2 D;2022-11-04 14:59:56;2.17
337;1.88;;B' L2 F2 R2 B2 U' L2 D F2 U B2 L2 D2 L' R' F' L' D' B' D U;2022-11-04 14:59:59;1.88
338;1.99;;R' U' F2 L2 D2 F2 D R2 B2 D B2 D2 B' R D' B R2 U2 B L;2022-11-04 15:00:03;1.99
339;2.24;;U2 R2 B2 U2 L2 U B2 F2 L2 U F' R' D L2 F' R' D2 B2 D2 U;2022-11-04 15:00:06;2.24
340;2.82;;U R2 D' B2 R2 D' R2 D R2 B' R' B U' F R D2 L R';2022-11-04 15:00:09;2.82
341;2.20;;U2 F2 L U D2 R2 U' F R2 U2 F2 R B2 L F2 L' U2 F2 D;2022-11-04 15:00:13;2.20
342;1.92;;R' F D2 F' D' L' B R2 L U2 F2 R2 U2 R' F2 R2 U2 F2 D2;2022-11-04 15:00:16;1.92
343;2.24;;F' U2 B' R2 B D2 R2 B' F2 R2 F D' B' D' F2 U B R B2 L';2022-11-04 15:00:19;2.24
344;2.05;;D' R D2 F D2 L2 D2 B2 U2 F U2 B' D2 F' D' L' F2 U' R B' D';2022-11-04 15:00:28;2.05
345;2.47;;L2 B2 D' R2 F2 D' L2 D2 R2 D2 R2 B2 F' D' L U2 B2 D' L' R' U';2022-11-04 15:00:37;2.47
346;2.05;;D' R B' R F' U L2 F2 R B L2 B' U2 F2 B' D2 L2 F' D2;2022-11-04 15:00:47;2.05
347;1.96;;L2 R2 B D2 B R2 F' D2 B F' L D' R2 B' F' D' U2 B' F2 R';2022-11-04 15:00:51;1.96
348;1.96;;R2 F2 L2 F2 R' U' F U2 R B2 R' U2 R U2 F2 R D2 R U;2022-11-04 15:00:54;1.96
349;1.95;;D2 U2 F U2 B' F2 R2 F L2 R2 U2 D' L U B' R' F' L R2 D R;2022-11-04 15:00:57;1.95
350;2.12;;D' B2 U' R2 B2 D2 R2 F2 U' R2 B D2 L2 F' L' R B' L' R2 D;2022-11-04 15:01:00;2.12
351;1.98;;U F2 R2 B2 F' R2 B D2 R2 D2 F2 R2 L U B' L' B R F2 U;2022-11-04 15:01:05;1.98
352;2.85;;U2 R F B2 U F2 R2 F2 D B2 D2 L2 U2 L R F U' F' L2;2022-11-04 15:01:08;2.85
353;2.85;;F' D2 R F2 L B' L D' F2 R2 F2 D F2 U2 R2 F2 U B2 D' F;2022-11-04 15:01:12;2.85
354;2.12;;B U2 L2 D2 B2 L2 F2 R2 U B2 U2 L U2 F D R B2 D2 L2;2022-11-04 15:01:16;2.12
355;1.96;;F2 D B U R' F2 B U R L2 D2 F2 D' F2 B2 R2 D' L2 D';2022-11-04 15:01:24;1.96
356;2.15;;D B2 U2 L2 U B2 U' B2 D' L2 U B' F' U R' F' U' R2 U2 B2;2022-11-04 15:01:32;2.15
357;1.96;;L2 F2 R2 U' F2 D R2 D L2 B2 F R' B2 R' D' F2 R2 F' L';2022-11-04 15:01:36;1.96
358;2.37;;F2 D2 L2 D' R2 U' R2 F2 U R2 F' D L' R2 F' R' F' R2 U;2022-11-04 15:01:39;2.37
359;1.95;;B' D B U2 F2 D R2 B2 U' R2 B2 U B2 D F' L D L R2 B2 L;2022-11-04 15:01:42;1.95
360;1.86;;B R' B2 U L' U' F U F2 B2 L2 U R2 U D2 R2 F2 U2 L' F';2022-11-04 15:01:45;1.86
361;2.47;;L2 D' R2 F2 D' L2 R2 F2 U B2 U2 L' F' L R' B' R2 D' U' F' L2;2022-11-04 15:02:10;2.47
362;1.92;;B' L D2 L2 B2 U' L2 B2 F2 D' B2 D' L2 B2 R' D2 R2 B' U' L B2;2022-11-04 15:02:15;1.92
363;2.05;;L U' D2 F R2 D' F' L' D2 F' R2 B' L2 B' L2 F L2 B' R2 F R';2022-11-04 15:02:17;2.05
364;2.08;;D2 R' B2 F U L2 F2 L2 U2 R2 U' F2 U B' R2 D R' B F D;2022-11-04 15:02:21;2.08
365;2.27;;L U2 L2 D2 L U2 F2 R' B' D' L2 F' R D R F2 L';2022-11-04 15:02:24;2.27
366;1.98;;R' L2 D2 L' D B2 U F R F' R2 F2 B' D2 R2 L2 B2 R2 U2;2022-11-04 15:02:28;1.98
367;1.99;;U D' F' L U' R' D' B' R U2 L F2 U2 R F2 L' D2 R' B2 R' B';2022-11-04 15:02:31;1.99
368;1.99;;F L U2 B2 L' U2 B2 R2 D2 B2 F2 L U2 D' R U2 L2 B2 U' F U;2022-11-04 15:02:34;1.99
369;1.86;;R B2 R2 D2 L U2 F2 L2 F2 L' U2 B' D F2 U2 B U' R' U' L;2022-11-04 15:02:37;1.86
370;2.33;;F2 U' R2 D' R2 F2 U F2 U F' L' D' U2 L2 U2 F2 D' B F';2022-11-04 15:02:40;2.33
371;2.02;;R' U D' F L' F U2 R D B2 D2 B U2 L2 B R2 B' L2 B2 L2 U2;2022-11-04 15:02:43;2.02
372;2.53;;B2 R2 D' B2 U R2 F2 R2 D U' F2 L' F L D2 U' F U' L D2 R2;2022-11-04 15:02:46;2.53
373;1.92;;L' D' F2 U2 R2 B2 D2 R2 U' F2 L2 U' F U R D U R2 D2 L';2022-11-04 15:02:50;1.92
374;1.92;;U' F U2 L F B D R' F U2 L2 U2 D2 F2 U2 R2 F' U2 R2 B2;2022-11-04 15:02:53;1.92
375;1.92;;U F2 D2 F' D2 F' D2 F' L2 D2 R' D' L2 B2 U' F2 D2 U2;2022-11-04 15:02:56;1.92
376;2.37;;U' L2 U' R2 D B2 R2 F2 U' L2 D L' F U2 R2 U' B' F2 D' F2;2022-11-04 15:02:59;2.37
377;1.92;;L2 R2 D' F2 D' U' B2 F2 L2 U R' B2 F2 L D B' R D2;2022-11-04 15:03:05;1.92
378;2.37;;B L2 R2 B' D2 B2 D2 B' R2 B' R2 D' L R2 B' D' B R' U' F D';2022-11-04 15:03:08;2.37
379;2.76;;F2 L' U' D' R' U B U R2 D F2 L2 U2 R2 F2 D B2 U' B2 F' U;2022-11-04 15:03:12;2.76
380;2.14;;B' R L2 U2 F2 D' L2 D' F2 R2 U2 R2 D' R F L2 R U B L F;2022-11-04 15:03:15;2.14
381;2.11;;U2 B D F B2 U' B' F2 R' F2 L B2 D2 L2 F2 L F2 R' D2 U;2022-11-04 15:03:18;2.11
382;4.00;;L D' F2 L2 F2 D' U R2 U B2 R2 U F' D' R B' U' B2 U' B2;2022-11-04 15:03:22;4.00
383;1.79;;D L2 F U B' U L' U2 F D2 F U2 L2 F' R2 B L2 F2 U' B';2022-11-04 15:03:27;1.79
384;2.05;;R2 F U R2 F2 U' B2 D B2 L2 F2 U2 L2 R' D B' U' L R' U2 F;2022-11-04 15:03:30;2.05
385;2.27;;B2 L' B2 R U2 B2 R B2 U2 L' B2 D' B U' F' D' R2 U2 F L;2022-11-04 15:03:33;2.27
386;2.21;;B R B2 R2 U' R2 B2 U' L2 U2 L2 R2 D' B' U R' U' F R D';2022-11-04 15:03:36;2.21
387;2.43;;U B2 L2 B2 U' F2 R2 U' B2 D2 R2 F U R B L2 D2 L F L' F2;2022-11-04 15:03:40;2.43
388;1.92;;L2 F' D2 U' F2 R2 U B2 L2 U B2 D2 F2 L' U R' B D U2 R' F;2022-11-04 15:03:43;1.92
389;2.34;;L R2 F L2 F' U2 B L2 B L2 R2 F2 U2 D R2 F2 L F U' L2 U;2022-11-04 15:03:46;2.34
390;2.02;;B' U' B2 L' F' B2 R F2 B2 R2 F2 R2 U R2 U2 D' F2 R2 U F;2022-11-04 15:03:58;2.02
391;2.40;;L2 D2 B2 U R2 U' R2 U2 R2 U B' D2 R D2 B2 R2 F D L2 R;2022-11-04 15:04:01;2.40
392;2.95;;L2 U B2 F2 D B2 U2 F2 L2 B2 D F R' U B2 U2 F' R2 B L2;2022-11-04 15:04:08;2.95
393;2.15;;F2 D2 L2 R2 U' B2 U F2 U' L2 B2 D' L' B R' F2 D2 U2 F R D;2022-11-04 15:04:12;2.15
394;2.14;;U L' B' D' F U D2 R2 U2 F2 L D2 B2 L2 F2 L D2 F' D2;2022-11-04 15:04:15;2.14
395;2.59;;B2 R2 D L2 U' R2 U L2 D' L2 U2 B' R U' L B2 U B' F' U L';2022-11-04 15:04:19;2.59
396;1.92;;R L2 B2 D' B U2 L2 B' L R2 D2 F' R2 D2 B U2 F L2 F';2022-11-04 15:04:22;1.92
397;1.89;;D2 B L F2 U D' F D L U2 F2 L2 B2 U' L2 D2 B2 D' F2 L2 D;2022-11-04 15:04:25;1.89
398;2.47;;B' L2 F2 D2 U' F2 L2 U' F2 L2 R2 U' F U' L F' D2 B R U;2022-11-04 15:04:28;2.47
399;1.82;;R' L2 B2 D F2 U F2 R2 B2 D2 F2 D U2 F' U B' R' F' L R2 D2;2022-11-04 15:04:32;1.82
400;1.95;;F' B2 D' L2 U2 B2 F2 U' B2 D B2 L2 D' R' B2 D F L' U B;2022-11-04 15:04:34;1.95
401;1.83;;B2 R2 B' U2 B' L2 F U2 F' D2 U2 B2 U F' L F R' B2 R2 B' F2;2022-11-04 15:04:37;1.83
402;2.02;;D R2 U R2 F L2 U B U2 R U2 B2 L2 U2 B2 L' U2 L D2 F';2022-11-04 15:04:40;2.02
403;2.14;;R' U2 B2 R U2 R' D2 L F2 R2 F' L' D' U2 B2 D B D L;2022-11-04 15:04:43;2.14
404;1.89;;F2 L2 U2 R2 F D2 B2 L2 B' F' U2 L' F2 D' F' D' U' L' F L2;2022-11-04 15:04:46;1.89
405;2.02;;U F2 D2 U2 F2 R F2 R U2 B2 F2 L2 D2 U' L F L U L U;2022-11-04 15:04:49;2.02
406;2.01;;L U' L' B R F2 R D R2 D' B2 U' L2 D R2 D2 R2 B2 F' L';2022-11-04 15:04:52;2.01
407;1.92;;B' R2 B' D L B' R U F' R2 B2 R F2 R U2 D2 R' F2 L' B2 R2;2022-11-04 15:04:55;1.92
408;2.18;;D L' R2 F' R2 D2 L2 U2 F L2 D2 R2 F2 U F' L2 R' D' F2 L;2022-11-04 15:04:58;2.18
409;2.14;;F' B' R' B2 U F B2 R F U2 B' R2 F R2 F2 D2 L2 B' L2;2022-11-04 15:05:01;2.14
410;2.34;;L' R2 D' B2 D' U' R2 U L2 R2 D F L D F D B' L' R2;2022-11-04 15:05:04;2.34
411;2.40;;R2 D' R2 D' L2 D2 F2 U R2 L' B' U' B F' R' B' R' U' F2 R;2022-11-04 15:05:07;2.40
412;1.98;;D' L2 B' U2 F' L F R2 D' R' F2 L2 F2 R U2 L B2 R U2 B2;2022-11-04 15:05:11;1.98
413;2.66;;U2 L2 B D2 L2 D2 R2 F2 R2 B' R' D' L D2 L2 D R F' L2 U2;2022-11-04 15:05:14;2.66
414;1.86;;B L2 F' D2 F' L2 F L2 D2 L2 B D' L B2 U F' R' U' R2 B2 U';2022-11-04 15:05:17;1.86
415;3.27;;U' L B' L F U F2 D' B U2 R2 F2 U2 F' U2 R2 F2 U2 L2 F' L';2022-11-04 15:05:20;3.27
416;2.11;;U L' B2 R2 D B2 D' R2 U B2 D' L2 R' D U2 L U2 F L R;2022-11-04 15:05:25;2.11
417;2.33;;D2 R2 F2 U B2 D R2 U B2 D' L2 U R' U2 B U L D' L' R B';2022-11-04 15:05:28;2.33
418;1.99;;F' D L2 U' F' R F' B2 D B2 D2 R F2 B2 L B2 D2 L2 F2;2022-11-04 15:05:31;1.99
419;2.15;;D F2 U' L2 D' L2 B2 D' F2 D' B2 D2 L B U F L D' R2 D B;2022-11-04 15:05:34;2.15
420;2.11;;F' L2 R2 F2 U F2 U' F2 D' R2 U' F R F2 L2 B2 D L U' R;2022-11-04 15:05:50;2.11
421;2.04;;D2 U2 F R2 F' D2 F' L2 U2 L2 F U2 R' U R' D' L' B' D2 F L;2022-11-04 15:05:53;2.04
422;2.60;;D2 R2 F2 U2 F' R2 U2 L2 F D2 B' U F' D' L2 D' R' B' R D';2022-11-04 15:05:56;2.60
423;1.96;;U2 R' U2 F R D' L' U B U2 B' U2 B U2 F2 U2 R2 U2 F' D';2022-11-04 15:06:00;1.96
424;1.89;;B U2 B2 U2 R2 D2 L' D2 L' F2 L U2 R U F' L' R D2 B' L2 R;2022-11-04 15:06:03;1.89
425;1.95;;U L' U' L' B' U' R D L' U2 F' D2 F' B D2 R2 B2 D2 F U2;2022-11-04 15:06:06;1.95
426;2.63;;R B R U2 B2 L' D F' L F2 U2 L' B2 U2 L2 U2 R' D2 F2 U2;2022-11-04 15:06:08;2.63
427;2.02;;F' D2 U F2 U2 L' R' U2 L' R2 D2 F' U' B D2 U2 L R U2;2022-11-04 15:06:12;2.02
428;1.99;;B2 U' B2 U R2 F2 U F2 R2 F2 R2 D2 B R U' R D2 R F D' B';2022-11-04 15:06:15;1.99
429;2.08;;U F' B2 U R2 D' U2 B2 U' F2 L2 U B U' L D B2 R D L;2022-11-04 15:06:19;2.08
430;1.95;;U' R' B D' L2 D2 L' B2 D' F2 L2 U2 D2 L' U2 B2 L U2 L F2;2022-11-04 15:08:30;1.95
431;2.21;;D R' L F2 L2 D2 B U' R2 D2 R B2 L2 U2 L2 D2 L F2 R U2;2022-11-04 15:08:33;2.21
432;3.78;;L R2 D' R2 U2 R2 F2 U' B2 L2 R2 D' F2 B' L2 D' B' R' U B U;2022-11-04 15:08:37;3.78
433;2.01;;R' D2 R' B R2 F L B2 L2 U2 L2 D' F2 R2 B2 L2 F2 U' F U';2022-11-04 15:08:42;2.01
434;2.15;;L' D B' U2 B L2 B' R2 U2 F U2 B' D2 L2 R' D F' U' F' D R';2022-11-04 15:08:45;2.15
435;2.12;;R2 L2 F R L' U R' U D2 F' R2 F' L2 F' D2 B' U2 D2 B D;2022-11-04 15:08:48;2.12
436;2.20;;F L2 B' L2 F2 B2 U' F' R2 B2 R2 F' D2 L2 B U2 R2 B L F;2022-11-04 15:08:51;2.20
437;2.95;;R' B2 R2 D2 U B2 U' B2 L2 D' R2 F2 B' L2 F' U' R' D B' D2 R';2022-11-04 15:08:54;2.95
438;1.92;;B L B2 R F' L2 D' R F R B2 R2 B2 R B2 L2 F2 B2 L;2022-11-04 15:08:58;1.92
439;2.12;;L F R2 D F' D' L2 F' R' B2 L' U2 D2 B2 R U2 R D2 B2 U';2022-11-04 15:09:01;2.12
440;1.98;;R2 D2 B2 D' R' U R B U2 D2 R' U2 L' U2 D2 L' U2 R2 U2 D2 F;2022-11-04 15:09:04;1.98
441;2.15;;U2 B2 R2 U B2 U' L2 D2 B2 U' L' D2 F' D' L' R D R F R';2022-11-04 15:09:07;2.15
442;2.27;;L R F2 R2 F2 D2 F2 R2 F2 R F' D2 L U F' L U' R' F U';2022-11-04 15:09:10;2.27
443;2.05;;U2 F2 D F2 U F2 R2 D' L2 D' R2 U F' U' L F2 R2 F2 D F' R';2022-11-04 15:09:14;2.05
444;3.27;;R' U' F B' D' R' B U' L F2 U2 L' B2 D2 B2 U2 R' B2 F;2022-11-04 15:09:17;3.27
445;2.11;;L B L2 B2 L2 F2 U R2 D L2 F2 U R' U' R2 B U2 L D';2022-11-04 15:09:26;2.11
446;2.08;;B2 R' U2 F R U R' D B' F2 U' R2 U R2 U' R2 D B2 U' F2 U;2022-11-04 15:09:29;2.08
447;1.86;;R' F2 L2 F2 L2 U2 R' D2 U2 F2 R' U2 F' U' F2 L' B' R' F D' L';2022-11-04 15:09:32;1.86
448;2.85;;F2 L2 D2 R U2 R2 B2 U2 R D2 R' F2 B D R' B2 R' U R2 D;2022-11-04 15:09:35;2.85
449;2.33;;F' R F2 L2 U L2 F2 D L2 U2 F2 U' F2 U F U L B' D' B2 R;2022-11-04 15:09:39;2.33
450;1.98;;R F2 D R2 F2 U' B2 U L2 D2 F2 D2 F R U' B2 U B L R';2022-11-04 15:09:43;1.98
451;2.63;;F L' D' L2 F2 R2 U' L2 R2 U L2 D F' L F' R' U F D' U2;2022-11-04 15:09:46;2.63
452;2.28;;R2 B2 U' B2 U F2 D' R2 U' L2 R2 B2 L U' R2 U2 B' U2 L' B L2;2022-11-04 15:09:49;2.28
453;2.21;;R' F2 L2 B2 U' L2 D' L2 R2 F2 L2 F L' D' F' U2 L B U2 F';2022-11-04 15:09:53;2.21
454;2.20;;F' L2 B2 R2 F U' D' F' L' U' B2 L2 U F2 B2 L2 U R2 F2 U';2022-11-04 15:09:56;2.20
455;1.99;;L' F' R' B2 U' R U2 B' R L F2 R F2 U2 R' B2 R' D2 L2 F2;2022-11-04 15:09:59;1.99
456;2.34;;U2 F2 L2 D B2 R2 B2 D2 R2 U' F U' L' F' L2 B' U' L2 D R';2022-11-04 15:10:02;2.34
457;1.88;;F2 R' U F2 U B R' L' D2 F D2 L2 F' R2 U2 D2 F2 B' R2 B';2022-11-04 15:10:05;1.88
458;2.60;;L' B2 U R' U B' R U2 F2 L2 U' R2 U' R2 B2 U' B2 D' R2 F R';2022-11-04 15:10:08;2.60
459;2.17;;D' R2 F2 L2 B F2 L2 U2 B' U2 F2 U2 L U F' D' R2 F' L R';2022-11-04 15:10:13;2.17
460;2.02;;L' U2 D' L' U' L2 F' R D2 B' R2 F2 U' L2 B2 U D B2 L2 D;2022-11-04 15:10:17;2.02
461;2.18;;B2 D B2 U' L2 B2 D' L2 D U R2 L' D L R F2 D B' U2 B2;2022-11-04 15:10:20;2.18
462;1.99;;F2 D R2 D' L2 U' B2 R2 B2 R2 U2 R' D' R' B2 U2 R F' L2 D;2022-11-04 15:10:23;1.99
463;1.98;;D2 F' R' F2 U' R2 F2 R D' F2 R U2 R' D2 F2 R' U2 R2 D2 R;2022-11-04 15:10:26;1.98
464;2.08;;B D R F2 B' R2 D B R D2 L' B2 L F2 B2 R D2 L2 D2 B2;2022-11-04 15:10:30;2.08
465;2.05;;R2 B U2 L2 U2 R2 F2 D' U2 R2 B2 R U L2 U B F' U' R2;2022-11-04 15:10:33;2.05
466;2.24;;U F' U' B' U B' L' B U' L2 D B2 R2 L2 U2 L2 F2 U' R2 U2 B;2022-11-04 15:10:36;2.24
467;2.01;;F' D2 R F' D2 F' D2 B U2 B U2 F' D2 B2 D' L' F2 D R' D' B2;2022-11-04 15:10:40;2.01
468;2.79;;D' L' U2 D B L' D R L' U2 F2 R B2 R2 L B2 D2 B2 R B U2;2022-11-04 15:10:43;2.79
469;2.27;;L' F R F' D R2 L' D2 F2 D' B2 U' F2 B2 R2 U' R2 F2 L' D;2022-11-04 15:10:49;2.27
470;2.24;;L2 D2 F2 U L2 D2 R2 F2 D' B2 R U F D' L F2 U F' L2 D';2022-11-04 15:10:52;2.24
471;1.92;;B2 L2 R F2 D2 F2 D2 R' D2 R' U2 B2 F D B F L' B R' D' L;2022-11-04 15:10:55;1.92
472;2.40;;L' F' L2 U' B' D R B U' R2 F2 R2 F L2 U2 F' B2 D2 R2 F;2022-11-04 15:10:58;2.40
473;2.20;;B2 F2 D U B2 U' F2 L2 D B2 U' F2 R B2 U' L' D' B R2 D' L';2022-11-04 15:11:02;2.20
474;2.12;;B2 D2 B' L' D' F' B' R U2 D F2 R2 F2 L2 D' F2 R2 F2 U2 F';2022-11-04 15:11:05;2.12
475;2.12;;L2 B' L2 B' U2 F2 R2 F' L2 F U2 D L2 F2 L B2 D2 B2 R B;2022-11-04 15:11:09;2.12
476;2.18;;L2 D2 F D' L2 U B2 R2 U F2 D' B2 R2 L' F2 R' D B F U';2022-11-04 15:11:12;2.18
477;2.52;;L F U2 F' L2 U2 F L2 B' D2 U B L2 B' D2 L D' U R2;2022-11-04 15:11:15;2.52
478;3.04;;R' L2 F2 U2 L2 B' L2 B' F2 D2 F U2 L2 D' U' L' D2 B' L F2 L;2022-11-04 15:11:18;3.04
479;2.31;;B' L F2 D2 L2 U2 L2 R D2 B2 R2 B2 D U2 R U R B2 U';2022-11-04 15:11:22;2.31
480;2.08;;B R B2 D' L D2 R' U' R B' D2 R2 F' R2 F' U2 B2 U2 L2 F' D2;2022-11-04 15:11:29;2.08
481;2.01;;U B2 D F2 U' F2 R2 U2 R2 D B' D' R2 D2 L' F L2 R' U2 L';2022-11-04 15:11:32;2.01
482;2.34;;F D2 L U' F B' D' L2 U R2 B2 L' B2 R D2 R' U2 D2 B2 U2 B';2022-11-04 15:11:36;2.34
483;2.44;;F2 R2 D2 R2 D B2 D F2 L2 F2 R2 D L U B' R' D' L B L F2;2022-11-04 15:11:39;2.44
484;2.24;;U R F D2 U' R2 B2 D R2 F2 U B2 U' B2 R U F2 R' U2 F' D;2022-11-04 15:11:42;2.24
485;2.46;;L' B2 U F' R D R L F2 R2 D R2 U R2 B2 R2 U' D' F2 B2;2022-11-04 15:11:45;2.46
486;2.08;;D2 L2 U2 F2 D2 L B2 R U2 L F R2 F' U' R D' F D2 L';2022-11-04 15:11:49;2.08
487;2.50;;F2 U D' R' B U F' D' L' F2 R2 F B2 D2 F' L2 F L2 U2;2022-11-04 15:11:53;2.50
488;2.21;;D' R D' R2 D2 B2 R2 B2 L2 U L2 D B2 R D' R' B R F' L' R;2022-11-04 15:11:56;2.21
489;1.95;;R F' D F2 R' B2 F2 R U2 B2 R F2 L2 U' F' D2 L D R2 U;2022-11-04 15:12:07;1.95
490;2.18;;L2 F L' D2 F' U B L' U F2 R2 L2 D R2 U' R2 D2 B2 U' F2;2022-11-04 15:12:09;2.18
491;2.08;;F R' B' U' R2 B2 D2 U' F2 D U2 R2 U2 R' B' L2 U' L2 D2 F';2022-11-04 15:12:13;2.08
492;2.17;;F L2 U R2 U' L2 D B2 U2 R2 D R2 B' L B2 D U2 B F' U';2022-11-04 15:12:16;2.17
493;2.63;;B' U2 R2 F' D2 F2 D2 R2 F U2 L D2 L2 B2 L F D' B' D;2022-11-04 15:12:19;2.63
494;2.05;;F' U' L' B2 R2 U2 F2 R U2 R' U2 L' F R' B2 R2 B2 D U F;2022-11-04 15:12:22;2.05
495;1.96;;F U D2 B' R' U2 B U R2 D' B2 D' F2 U' R2 L2 B2 U L B;2022-11-04 15:12:25;1.96
496;2.04;;R' U' B2 L2 D2 F' L2 R2 B' L2 U2 F2 L D R F' U' B2 U' F2;2022-11-04 15:12:28;2.04
497;2.21;;F D R2 B2 L2 D2 R2 D2 U' L2 D' F2 B D' R' U' L2 B' F2 L' F2;2022-11-04 15:12:31;2.21
498;2.28;;D2 F D2 L2 U2 L' R2 D2 L' D2 U2 F2 R B2 U R2 D L B L R';2022-11-04 15:12:35;2.28
499;1.96;;L' B2 U2 R F2 D2 R' U2 R' D2 R2 D L' F' R2 D2 L D2 U' R;2022-11-04 15:12:38;1.96
500;1.98;;D2 U2 R' U2 R' B2 L U2 F2 L2 F2 D B L2 F D B L U L2 B2;2022-11-04 15:12:41;1.98
501;1.92;;U2 B' L U F' R' B' L2 F' R' U2 B2 D2 L2 B2 L F2 R B2 D2 L2;2022-11-04 15:12:44;1.92
502;2.12;;L2 U' F2 R2 U' B2 D R2 F2 U2 R' B U' F L B' L D L R;2022-11-04 15:12:47;2.12
503;2.12;;D B U R2 B' U D' F' D2 F D2 B U2 L2 B2 U2 B' R B';2022-11-04 15:13:02;2.12
504;1.92;;U2 B2 D2 U' L2 D2 F2 R2 U' R2 F' U B R2 U2 F R' D' L' B' L2;2022-11-04 15:13:05;1.92
505;2.56;;L' U2 F' D B U2 F' U' L' F2 D2 F2 U2 L2 B' R2 F' L2 U2 F' B';2022-11-04 15:13:08;2.56
506;1.88;;R2 L2 F R U2 B U' D' R B D R2 D' F2 L2 U2 F2 U' R2 L2 F2;2022-11-04 15:13:12;1.88
507;2.62;;D2 F B' R' D' L' U' B R U2 B U2 L2 F' R2 B2 D2 L2 U2 B;2022-11-04 15:13:15;2.62
508;2.28;;U F D B U' B2 L D L D2 R2 U R2 L2 F2 D2 L2 U' B2 D2;2022-11-04 15:13:18;2.28
509;2.40;;U R2 F' R D2 B' R L2 F2 D2 L2 U' R2 B2 U2 R2 F2 L2 U' F' U';2022-11-04 15:13:21;2.40
510;2.12;;F2 L2 D2 F2 D' F2 L2 F2 D2 B2 D2 F D2 L' R' U F D' B L;2022-11-04 15:13:25;2.12
511;2.33;;U' D R' U L' D' R' F U F2 R2 U2 D2 L2 D2 F2 B' U2;2022-11-04 15:13:28;2.33
512;1.95;;L U R' L2 F R D R2 D2 F R2 B2 U2 F' R2 B2 D2 L' F2;2022-11-04 15:13:31;1.95
513;3.27;;B' U2 R2 B D2 F' U2 B2 U2 L2 F' U R' U2 B L' B2 F2 R2 F' U;2022-11-04 15:13:34;3.27
514;2.05;;F' U F2 D2 B2 R2 F2 U F2 L2 F2 R2 F' R B2 D2 B D' F' L;2022-11-04 15:13:38;2.05
515;1.98;;D' B' R' U' R U2 R' B D' B R2 B' R2 F2 U2 R2 B U2 D2 R2;2022-11-04 15:13:41;1.98
516;1.96;;F' R U F2 D2 B2 R2 U' R2 U B2 L2 B2 D' B' U L U L' D2 R';2022-11-04 15:13:44;1.96
517;2.44;;B' D' B2 F2 D' R2 U B2 D' R2 D' B2 F L' F' L U2 L B U L2;2022-11-04 15:13:47;2.44
518;2.47;;D2 L' U2 R D' L' D' B U L2 F2 U2 L2 D' R2 L2 F2 U F2 U B';2022-11-04 15:13:51;2.47
519;2.05;;L2 F2 D L2 F2 D F2 D' U2 F2 R2 L' B' R2 D' U' L' R F' U2 R2;2022-11-04 15:13:55;2.05
520;2.24;;U2 F' D2 U2 R2 B D2 R2 B2 F' L2 U F2 L' B U' R' F' L' F2 D;2022-11-04 15:13:58;2.24
521;1.99;;B2 L' D2 L2 B2 F2 D2 B2 L' B' U2 B D B2 F' L B2 D;2022-11-04 15:14:02;1.99
522;2.50;;R2 D F D R' B2 L' B' U2 L' R2 F2 U F2 R2 D' B2 U2 B2 D2;2022-11-04 15:14:05;2.50
523;1.96;;U R U2 B R2 D' L' D' B' D2 F' U2 B' D2 L2 B2 R2 F' D2 L2;2022-11-04 15:14:08;1.96
524;2.01;;B' F' R2 F R2 U2 B2 L2 R2 D2 F' L2 R U B2 U F' L' R' D;2022-11-04 15:14:11;2.01
525;2.40;;D B' R U D2 L D' U2 F' R2 F' D2 B D2 R2 L2 B D2 F2 D;2022-11-04 15:14:15;2.40
526;5.10;;F' R U' F2 U' F2 U' L2 U2 B2 R2 U' R' B U2 L F' D2 L' R';2022-11-04 15:14:18;5.10
527;2.88;;U' F U2 F2 L2 B' U2 L2 F' D2 U2 B R U' R' F2 R' D' F D2;2022-11-04 15:14:24;2.88
528;2.37;;B' D2 B L2 B' U2 B' U2 B2 U2 D R2 B' L R' D' F' U L' R';2022-11-04 15:14:28;2.37
529;2.20;;R2 L2 F' R D' R' F B2 U2 L B2 R2 L F2 L D2 F2 R D2 B' U';2022-11-04 17:20:07;2.20
530;2.44;;B D R F2 U B R' F U' L2 U2 D2 F' R2 F2 R2 B' R2 U2 L2;2022-11-04 17:20:11;2.44
531;2.02;;L F' D R2 F2 D2 F2 U' R2 D R2 F L' D R2 B2 F L F';2022-11-04 17:20:24;2.02
532;2.08;;L2 U B' R D' F' R' L' F U F2 D L2 B2 L2 B2 U2 D' R2 D L2;2022-11-04 17:20:27;2.08
533;1.76;;U2 D' B R U' L B F2 U2 F2 R2 U' L2 U F2 R';2022-11-04 17:20:31;1.76
534;1.79;;B2 U' F2 D' F2 U2 L2 D L2 F2 U2 R' U B D B' D' B U L2 U';2022-11-04 17:20:33;1.79
535;1.80;;L2 U' B2 D2 L2 F2 U B2 U B2 R2 B2 R' U2 R2 B' L B D F';2022-11-04 17:20:36;1.80
536;1.70;;R2 B2 U' B2 U B2 U L2 F2 U L B F' D' F' U L' F2 U' B;2022-11-05 18:18:48;1.70
537;1.80;;L' D' F2 U R L2 F' B2 L' F2 B2 R2 U' L2 B2 U D2 R2 B2;2022-11-05 18:18:52;1.80
538;2.21;;R F2 R2 B2 D' R2 F2 D' L2 D2 B L2 F L U2 R B2 D' U2;2022-11-05 18:18:57;2.21
539;1.76;;U F2 R2 F2 R2 U2 L2 U' B2 L2 D L D2 R' F' R2 B2 U L2 B' L2;2022-11-05 18:19:00;1.76
540;1.83;;R2 D2 B2 D' F2 U B2 R2 U F2 L2 D2 L' D R U2 F' D' B' F';2022-11-05 18:19:04;1.83
541;2.05;;R B2 R B2 L' B2 R' B2 U2 R' U2 R D F U' R B L B' D' R2;2022-11-05 18:19:07;2.05
542;1.72;;R F D' F2 R D2 F2 L' D2 F2 L' B2 R' B2 F' L' F2 U R F2 D;2022-11-05 18:19:10;1.72
543;1.83;;R2 U R2 D L2 U' F2 R2 B2 F2 D2 L2 R' D2 U' R F2 L F U2;2022-11-05 18:19:14;1.83
544;2.28;;F' B' D2 L2 D' B2 D' B' R B2 D2 L U2 F2 B2 L' U2 L F2 R';2022-11-05 18:19:17;2.28
545;1.67;;D R2 F2 D' F2 L2 D F2 U L2 R2 F' U2 F' D2 U L B U' L2 R;2022-11-05 18:19:21;1.67
546;1.70;;F R2 D' F2 D2 R' U2 F L2 D F2 U R2 F2 U2 F2 U R2 F2 L2;2022-11-05 18:19:24;1.70
547;1.83;;U D2 L U F U F D2 B2 R2 D2 F D2 F B L B;2022-11-05 18:19:28;1.83
548;1.80;;F2 L2 D2 B2 F2 L B2 L F2 R U2 L B L' U' R D B F' R U2;2022-11-05 18:19:33;1.80
549;1.73;;L F2 D2 B2 D2 U' B2 U B2 R2 U F2 B L2 D' R' F2 D' B' F' U;2022-11-05 18:19:37;1.73
550;2.48;;R' F L R2 F2 D F2 U2 R2 B2 L2 D' R2 F' D' R' U B2 F2 U' B';2022-11-05 18:19:43;2.48
551;1.80;;R F' L' B U B D' F2 U' R B2 R2 F2 U2 L B2 R' D2 B2 R U2;2022-11-06 22:44:39;1.80
552;1.92;;R' B2 U F2 D B2 R2 D F2 U2 B2 L2 D' R D' L2 F D U2 L F;2022-11-06 22:44:42;1.92
553;1.72;;D' R2 D' B' R' L D' B L F' R2 U2 R2 B U2 F U2 D2 B' R2 F';2022-11-06 22:44:46;1.72
554;1.76;;F B' U F' R' B' L' F2 R' U2 B2 D F2 L2 B2 U2 R2 L2 U' L2;2022-11-06 22:44:48;1.76
555;1.67;;B2 R2 U L2 D2 F2 U L2 U2 B2 D' B' L' U L2 F' D L' D B' U;2022-11-06 22:44:52;1.67
556;1.96;;U F2 L2 B2 U2 F2 D' L2 B2 L2 R D' L' F R2 D' B' L U2 F;2022-11-06 22:44:55;1.96
557;2.12;;F' D2 R' F2 R U D F R' F2 R2 F2 U F2 D F2 B2 U R2 D' F';2022-11-06 22:45:06;2.12
558;1.85;;F' L B' R' U' R2 L' U B R' L D2 B2 D2 B2 L' F2 U2 R F2;2022-11-06 22:45:09;1.85
559;2.08;;F2 L B L2 B2 D R' F2 U D2 F L2 F' B' D2 B U2 B' U2 B2;2022-11-06 22:45:12;2.08
560;1.73;;R D2 F2 R U2 F' R D' R' U2 B2 L2 D' F2 U2 F2 R2 U R2 B2;2022-11-06 22:45:16;1.73
561;1.86;;L2 F2 D L2 R2 U2 L2 U' B2 F2 R' F' R2 B' D' R B' D2 U2;2022-11-08 01:46:08;1.86
562;1.83;;L B2 L D' R U2 L' B U2 L2 F R2 B' U2 R2 D2 R2 B' D R2;2022-11-08 01:46:11;1.83
563;1.67;;D' F U' B D R B R U' B2 D F2 D R2 U2 R2 B2 R2 B2;2022-11-08 01:46:14;1.67
564;1.89;;F' R2 B2 L F2 U2 R2 D2 R' D2 L' U2 R U' R' F' R D' L' B' D';2022-11-08 01:46:17;1.89
565;1.72;;F2 D L2 F2 D' R2 B2 L2 B2 U' B2 D2 L' B2 F' U' F U' L B';2022-11-08 01:46:19;1.72
566;1.75;;D2 B R' U' B L F U2 R B2 U2 B2 L' F2 R' U2 L2 B2 R2 U' F';2022-11-08 01:46:22;1.75
567;2.05;;B' F' L2 D2 F' L2 D2 B D2 B' U2 D' L B' R D U L' U2 L2;2022-11-08 01:46:25;2.05
568;2.02;;F D' L F2 R2 F U' R' U' F' L2 F R2 U2 R2 F' R2 F' L2;2022-11-08 01:46:29;2.02
569;1.83;;U' R2 U2 F B R F' D' B2 D' F2 U2 B2 D' F2 U2 R2 B2 L;2022-11-08 01:46:33;1.83
570;1.86;;R U' B2 R2 F R2 D2 F' D2 F' D2 F' U2 F2 R F2 U' R D' U B;2022-11-08 01:46:36;1.86
571;2.43;;U L D R' F2 B L' U' F2 B2 U2 L2 B2 D F2 B2 R' D2;2022-11-08 01:46:41;2.43
572;1.80;;R U R2 B2 U B2 D2 F2 D B2 F2 R2 B U L2 D' L D' B2 L F';2022-11-08 01:46:44;1.80
573;1.67;;U2 B' U2 F2 R2 F' L2 D2 F L2 U' F' U' L2 F' L' R2 D U;2022-11-08 01:46:47;1.67
574;2.04;;F2 L' B2 F2 R2 U2 R' D2 R D2 R' F2 B' D F' U2 B L R B' F;2022-11-08 01:46:52;2.04
575;1.70;;D F2 R2 F2 U L2 F2 U' L2 B L' D' L2 F D' B U B2 F';2022-11-08 01:46:55;1.70
576;1.79;;F' D' R' F2 L' U2 B2 U2 L B2 R2 B2 L2 R' D' B2 L F' U' R U2;2022-11-08 01:46:57;1.79
577;1.92;;L2 U' F2 L2 U2 L2 U' B2 D L2 F2 R U' R2 F' L D2 F D F;2022-11-08 01:47:01;1.92
578;1.73;;U R' F L2 D2 B2 U' R2 F2 L2 B2 U2 B2 U2 F D2 U F R B L;2022-11-08 01:47:10;1.73
579;2.15;;R2 D' R L' U' R F2 B2 L B2 R2 D2 L2 D2 B' R2 L2 U2 F' U2;2022-11-08 01:47:13;2.15
580;1.72;;D' U2 L2 B' U2 B U2 F' R2 B2 D2 F L D U B F' U' F2 U';2022-11-08 01:47:16;1.72
581;1.92;;L2 B2 R' U2 L U2 F2 L' R' U2 B D L' B' R F U' B D R';2022-11-08 18:26:38;1.92
582;1.60;;R2 B2 F' U2 B D2 F' R2 B' F2 D' L F2 U' R2 B D R' F' D';2022-11-08 18:26:41;1.60
583;1.72;;L' D2 F' U L2 F L' B R2 L2 U' B2 R2 U2 B2 R2 U D2 R2 D2 R;2022-11-08 18:26:43;1.72
584;1.69;;F B2 D' R' L2 U L B' D' L F2 U2 R' B2 L D2 B2 L2 F2;2022-11-08 18:26:46;1.69
585;2.02;;R2 B2 F2 R2 D L2 U' L2 U F2 U B' L2 B' U R U F' R2 F' L2;2022-11-08 18:26:50;2.02
586;2.40;;F L2 B U2 L2 D2 F' U2 F2 R2 D' B' L U' L2 B D2 U B' R';2022-11-08 18:26:53;2.40
587;2.11;;L2 R2 U F2 U2 B2 L2 F2 D' R2 U' L F' D L' B' R2 D' B' D2;2022-11-08 18:26:57;2.11
588;2.36;;D2 R B2 U2 L R2 D2 L F2 R F2 U2 F R D B R F L2 F' U';2022-11-08 18:27:00;2.36
589;2.02;;D2 F' D2 B D R' F' L' B' D2 L' U2 F2 U2 R D2 L' U2 R2 D2;2022-11-08 18:27:04;2.02
590;1.63;;B2 U L2 D' F L D2 B' U' L' F2 U2 F2 D2 F2 U2 R2 U2 R';2022-11-08 18:27:07;1.63
591;2.31;;R2 F U B2 R2 B2 U2 F2 R2 D' B2 U' B U L' D' U2 F' D;2022-11-09 21:35:46;2.31
592;1.69;;B L' D2 F2 R' B2 R U2 L' F2 R' B2 R2 F D B2 L' F2 U' R';2022-11-09 21:35:50;1.69
593;2.14;;B F2 R' D2 L' U2 B2 D2 F2 L2 U2 R' D' B D' L F2 D U2 L2;2022-11-09 21:36:23;2.14
594;2.21;;B L F R2 U2 F L2 B' R2 B' D2 F U2 L' D U B R' B2 U' L';2022-11-09 21:36:26;2.21
595;2.49;;U F R2 F' R B' L' U' R' U2 F L2 F' B L2 B2 R2 B L2;2022-11-09 21:36:30;2.49
596;2.20;;L F U2 L' D2 U2 L' F2 L2 D2 F2 D2 R D2 F D B2 F U L' U';2022-11-09 21:36:46;2.20
597;1.70;;D B2 D2 F2 L' F2 U R' B R2 U2 L2 F' L2 D2 B2 U2 F L2;2022-11-09 21:36:50;1.70
598;1.70;;F' D2 B F L2 D2 F' L2 B L2 U2 F' D B2 D B' R' D' B2 L B';2022-11-09 21:37:40;1.70
599;1.95;;U R F' L2 B D F' U' B D2 F2 R2 F2 R2 B D2 F' R2 D2 L';2022-11-09 21:37:44;1.95
600;1.98;;B' D R' B R D2 B' L2 U2 F2 L2 U R2 F2 L2 B2 D' B2 D;2022-11-09 21:37:48;1.98
601;1.69;;U2 R F2 R B2 U2 F2 R U2 F2 R' F2 D F D' R B2 L2 U' F';2022-11-10 17:51:31;1.69
602;2.08;;F2 L B2 R' D2 U2 F2 U2 L' D2 L2 U' L F2 R' B U2 R2 U F;2022-11-10 17:51:40;2.08
603;1.72;;D R D2 L' U2 B2 R F2 U2 B2 R' U F' U2 F' D F' D F2;2022-11-10 17:51:45;1.72
604;2.17;;D2 U' F2 D2 L2 F2 U' L2 F2 U' L U' B F L2 U' R2 F L' B';2022-11-10 17:51:48;2.17
605;1.69;;F R2 U R F U B' R' F R2 B U2 F2 B2 L2 D2 B R2 D2;2022-11-10 17:51:56;1.69
606;1.92;;L' U R F2 B' L' F D L2 D' B2 R2 U' L2 D' F2 R2 L2 D' L F;2022-11-10 17:51:59;1.92
607;1.99;;R' F' L B' R B' D2 L D F2 R' D2 R F2 B2 L2 U2;2022-11-10 17:52:02;1.99
608;1.76;;R2 D' B2 F2 R2 U R2 D R2 U R2 D2 F R' U' R' D2 L' B L2 U';2022-11-10 17:52:05;1.76
609;1.73;;F R2 U' R2 D B' L F R U2 F' R2 U2 D2 B' L2 U2 F' U2 B2 D2;2022-11-10 17:52:08;1.73
610;1.80;;L2 R2 U' F2 U R2 U2 B2 F2 U2 B U B F R' U L2 R F L;2022-11-10 17:52:25;1.80
611;1.86;;B D F' L2 B2 D F2 U2 R2 F2 U L2 F2 L' B' D B' L' D2 R';2022-11-11 18:36:02;1.86
612;1.69;;L2 F2 D R2 B2 D2 R2 B2 F2 U L2 D' L B' R B2 U F' R2 D2 U';2022-11-11 18:36:05;1.69
613;3.01;;B R' U' D' L2 U F2 R B D2 F R2 F' D2 B D2 R2 B' L2 F' L';2022-11-11 18:36:09;3.01
614;1.69;;F L D R F2 L2 F' L2 B' U' B2 D' L2 F2 D2 F2 U' F2 R2 U L2;2022-11-11 18:36:13;1.69
615;2.05;;D L' D2 R' F2 R2 D2 R2 D2 R2 F D2 B D' U L' D F;2022-11-11 18:36:16;2.05
616;2.04;;R2 D R L2 B L D' F2 U R2 D2 L2 F2 D2 B2 U2 F' D2 F R2;2022-11-11 18:36:19;2.04
617;2.18;;F2 D2 U2 L D2 R F2 U2 L D2 F2 B' D' R' D2 B' L2 B' U';2022-11-11 18:36:27;2.18
618;1.73;;D' B' U2 F2 D L2 B2 D B2 F2 L2 D R2 L U R U B D U R';2022-11-11 18:36:34;1.73
619;1.76;;L' D B' F2 U2 L B2 L F2 L' U2 L' U2 R2 F' D2 B2 R2 F D B2;2022-11-11 18:36:36;1.76
620;1.69;;R F R U' R2 B2 D' B2 U' F2 D' U B2 R' F L' B' L B2 U';2022-11-11 18:36:52;1.69
621;2.36;;R2 F L' F2 L2 B R2 B D2 B' D2 F2 U2 D L' D' B' D' R U2;2022-11-12 18:18:51;2.36
622;1.76;;L2 F2 L' B2 L' F2 D2 F2 U2 L2 D2 R' B' D2 L' R B U' B' R2;2022-11-12 18:18:54;1.76
623;1.96;;U L2 B2 F2 D' R2 B2 R2 U F2 U L B' F2 U F' L B' D F U2;2022-11-12 18:18:57;1.96
624;1.85;;F R' F2 L F2 U2 L2 U2 L U2 B2 U2 B2 D L' D2 F' U2 R2 D2 F;2022-11-12 18:19:00;1.85
625;2.47;;U B2 R2 F2 U' L2 D2 U' B2 D2 B L2 U' L' R2 B' L' R2 D U2;2022-11-12 18:19:03;2.47
626;1.89;;U' F2 D2 F' D2 F2 D2 L2 D2 F U2 F' D' U R' F U' L R' D L2;2022-11-12 18:19:07;1.89
627;2.12;;F2 R' U2 F2 L' D2 R2 F2 R B2 R' F U2 L F D F' D2 F2 D2;2022-11-12 18:19:10;2.12
628;1.92;;R2 D2 R2 B2 F2 U R2 D' L2 U2 R2 B' L' D' B2 D2 U2 L2 F2;2022-11-12 18:19:15;1.92
629;3.62;;D R' D R U2 R B U B D L2 U F2 R2 D L2 F2 D' F2 D;2022-11-12 18:19:19;3.62
630;2.18;;R' F2 R' F2 U2 L2 U2 R F2 R2 B2 L D' B R2 D2 R' F' U' F;2022-11-12 18:19:24;2.18
631;1.76;;F U2 F D2 R2 D2 B D2 B' D2 L2 F L' D L U' L2 B' R2 U' L2;2022-11-13 22:32:21;1.76
632;2.37;;D' B U2 R B2 F2 U2 R D2 R' D2 U2 L2 R' F' D B L' D U' R2;2022-11-13 22:32:24;2.37
633;1.72;;L2 B2 D2 R2 B D2 B' D2 B D2 F D2 U R F D' B' L' D2 F';2022-11-13 22:32:29;1.72
634;1.76;;D' B' U2 R B U R2 B2 D2 L B2 R B2 R2 D2 R B2 F;2022-11-13 22:32:34;1.76
635;1.80;;R2 D2 R U D F2 R' L F R' U2 R' L' U2 D2 L U2 L2 B2;2022-11-13 22:32:37;1.80
636;1.69;;R' U R2 B2 L2 F2 D L2 B2 F2 U' R' U' B' D L F2 U' R' F;2022-11-13 22:32:40;1.69
637;1.72;;R' B U' D B' L2 B' F2 L2 D R2 F2 R2 U F2 U D R U;2022-11-13 22:32:43;1.72
638;1.76;;F B2 U B2 F2 R2 D F2 D2 B2 L2 R2 D2 B D' L' R2 U L B D;2022-11-13 22:32:46;1.76
639;1.95;;U R2 U B2 U B2 U2 L2 D' F2 R F' D' U2 B2 R' F L2 F R';2022-11-13 22:33:03;1.95
640;1.72;;F2 B2 L B' R F2 U' F2 L B2 R F2 L' D2 F2 R' L' B2 D' R;2022-11-13 22:33:06;1.72
641;1.73;;U' R2 U B2 L2 R2 D' L2 U2 B2 U' L F2 R' U B2 F' D B' F2;2022-11-14 18:50:34;1.73
642;3.01;;F2 R2 B' D2 U2 R2 F D2 B R2 U2 D L2 D' L R' B' F U' B;2022-11-14 18:50:36;3.01
643;2.83;;D' L U2 B2 L2 D U R2 D L2 U' L2 B2 L B' D U B' U2 R F;2022-11-14 18:50:40;2.83
644;2.12;;F2 U' F' U L2 D2 B2 F2 R2 D' L2 B2 R' B2 D F D U B;2022-11-14 18:50:44;2.12
645;1.73;;D2 R' B' D' F' U' L2 D' R' D2 R' U2 B2 D2 F2 U2 R F2 U2 R;2022-11-14 18:50:47;1.73
646;2.15;;D' R2 F2 L2 F' D2 F' L2 F R2 B U B' U2 R F' D2 L U F2;2022-11-14 18:50:50;2.15
647;2.44;;L2 R2 U2 B L2 F' U2 F L2 D2 F' R2 L' B2 U L' B2 R F' U' R2;2022-11-14 18:50:55;2.44
648;4.04;;R2 F U2 L2 D F2 R2 D' R2 B2 U' B2 U2 L2 B' U' B F L B2 L2;2022-11-14 18:50:59;4.04
649;2.02;;L2 F2 U L2 B2 U B2 L2 U2 L2 U B' D' U L F D' R D2 R;2022-11-14 18:51:04;2.02
650;1.63;;B L' B D2 B' D R D' L R2 U' B2 R2 F2 U F2 R2 L2;2022-11-14 18:51:10;1.63
651;2.04;;U' L F U' F2 U2 F2 U L2 F2 L2 B2 D L U F R B D' L' D';2022-11-15 19:56:31;2.04
652;3.65;;L2 B2 D2 U B2 D R2 B2 U' R2 F2 L' D2 R' U L B R' U2 F' R';2022-11-15 19:56:35;3.65
653;2.07;;L2 R2 U2 L2 F2 U F2 R2 U R2 L D B L F2 D2 F' R U' R;2022-11-15 19:56:40;2.07
654;2.08;;F2 R' B2 L2 U' F2 U2 B2 L2 D' L2 R2 D' L U' F D2 B' U2 R';2022-11-15 19:56:44;2.08
655;2.81;;UR1- DR1+ DL2- UL2- U5+ R4+ D1+ L2- ALL4+ y2 U5- R6+ D5- L1- ALL6+ UR DR DL;2022-11-15 19:56:47;2.81
656;2.24;;UR1- DR3- DL5+ UL2+ U5- R0+ D0+ L4+ ALL3- y2 U3+ R1+ D1+ L5- ALL5+ UR DR;2022-11-15 19:56:51;2.24
657;1.95;;U2 F2 R D2 F2 U2 B2 R2 U2 L D2 R2 U' B R U F2 U B F2;2022-11-15 19:57:00;1.95
658;1.88;;D2 R' U2 F2 D2 U2 B U2 F' L2 D2 L2 U2 F2 U F U' L' B F2 L;2022-11-15 19:57:03;1.88
659;2.37;;D2 F L2 U2 B L2 B' L2 D2 F2 L2 B' R B2 U B R' D B' U2 B;2022-11-15 19:57:14;2.37
660;1.85;;F2 R' B2 U2 L U2 L U2 L2 D2 F2 U L B' L' R' F' R' D' L2 F;2022-11-15 19:57:18;1.85
661;1.82;;U' D2 L D2 R F2 R2 U2 R F2 D2 U2 F' U L' R B U B2 F;2022-11-16 20:24:49;1.82
662;1.86;;F' B2 D R U2 B' R' U B' R2 U D2 F2 D2 B2 U' L2 B2 R2 L2;2022-11-16 20:24:52;1.86
663;2.39;;B2 R' D L F D' B U' B2 D' R2 D B2 D' R2 F2 R2 F' D2 R';2022-11-16 20:24:55;2.39
664;1.99;;D' L D2 R2 B L' B2 U F2 D2 R U2 F2 R2 L' B2 R F2 U2 R B;2022-11-16 20:24:59;1.99
665;1.82;;U' B2 R F L2 U2 L2 U' R L2 D2 L' B2 L2 F2 L' D2;2022-11-16 20:25:02;1.82
666;1.92;;R U B U2 R2 F2 R2 B' L2 B L2 F' L2 F' R' D F' L' R' D2 B;2022-11-16 20:25:05;1.92
667;1.80;;D' F' D2 F' L2 U2 R2 U2 R2 F2 U2 B U' R D2 F L2 U' R2 B';2022-11-16 20:25:08;1.80
668;1.72;;B' R2 D' F' R' F L F' L2 F' U2 F' L2 F' R2 D2 L2 U2 B' D' F';2022-11-16 20:25:11;1.72
669;2.21;;R B' D F2 R2 U R2 D' F2 R2 D2 B2 U F R2 F2 D B F';2022-11-16 20:25:14;2.21
670;2.94;;D2 B' R' U' R L' F' U L2 U' R2 D2 B2 U D2 F2 R2 L2 D B L;2022-11-16 20:25:18;2.94
671;1.79;;D2 R' U F R F2 L D' R2 F' R2 F2 U2 L2 D2 F' R2 F2 D2 L2;2022-11-17 20:01:33;1.79
672;1.83;;B2 F2 R' U2 R' F2 U2 F2 L' B2 R2 B' L' F U2 R' D B' U' B2 L';2022-11-17 20:01:35;1.83
673;1.98;;U2 R U2 B2 R U2 L B2 R' D2 L2 B D' B' L2 D F U L2 R;2022-11-17 20:01:38;1.98
674;2.15;;U B2 L' B2 U2 R' B2 U2 F2 L D2 R2 U2 F' R' D R2 U F' D2 R2;2022-11-17 20:01:41;2.15
675;2.24;;L F' L U' D' L' B' R U2 F2 R2 L U2 D2 L' F2 U2 R' U F';2022-11-17 20:01:46;2.24
676;1.73;;L' B' L2 R2 F L2 D2 B2 F L2 D2 F U2 L' F U B U' L2 R' U';2022-11-17 20:01:49;1.73
677;1.85;;U' F2 U L2 U' B2 U' L2 R2 B2 L2 U2 B R B D' U' L B R F;2022-11-17 20:01:52;1.85
678;2.15;;D' F' D R F L2 B' F2 R2 L2 U' D2 L2 U' D' B2 R2 B2 R B2;2022-11-17 20:01:55;2.15
679;1.88;;D B' R2 D2 U2 B D2 F D2 R2 U2 F2 D' R U' L' R2 U L2 R';2022-11-17 20:01:58;1.88
680;2.02;;F2 U' R2 U' R2 B2 U' F2 D' B2 D' B L' D R F' U' F2 L D B';2022-11-17 20:02:02;2.02
681;1.70;;U' L U B' U L D2 B' R F' B2 D L2 U2 R2 L2 U' R2 L2 D;2022-11-18 19:12:39;1.70
682;1.86;;B' D2 L' F2 R2 D B2 F2 L2 D' U' F2 U' B L R2 U2 R' D2 U2;2022-11-18 19:12:41;1.86
683;1.80;;R' F2 U2 R2 D L2 R2 D2 F2 D R2 D' B D' U R D2 R B L2 R2;2022-11-18 19:12:44;1.80
684;2.98;;B R F' R2 D2 L2 F' R D F2 U' F2 B2 L2 D' F2 D R2 F2 U2 R';2022-11-18 19:12:47;2.98
685;1.92;;L2 B' D B2 U' F2 U B2 D B2 R2 U F2 L2 B' R' D' B D2 L2 U';2022-11-18 19:12:51;1.92
686;1.86;;D2 R2 U2 F' D2 R2 U2 B2 D2 R2 F R U F U B R' D' L' F2;2022-11-18 19:12:54;1.86
687;2.12;;F2 D B2 L2 R2 D R2 D2 B2 U F U' R U2 R' U2 B' L' D' U;2022-11-18 19:12:57;2.12
688;1.86;;U' L' D2 B D2 B2 R2 U2 R2 U2 R2 U2 F2 L' D B' L U2 F R' F;2022-11-18 19:12:59;1.86
689;1.92;;U L2 D B2 L2 D' F2 D F2 D2 L F D U L R B D B2 R2;2022-11-18 19:13:02;1.92
690;1.73;;R D2 F U2 F U2 D' R' U' F2 D L2 B2 D F2 R2 D2 B2 L2 D F';2022-11-18 19:13:14;1.73
691;1.83;;D2 F2 D F2 R2 U' B2 U L2 U' F' D F D2 L' U F2 D L' D;2022-11-19 19:21:13;1.83
692;1.67;;R' U2 R2 B2 D L F R2 D' B' D2 L2 F2 L2 B' D2 B' L2 B L2 F;2022-11-19 19:21:16;1.67
693;2.34;;U2 R B U2 D B2 R' U2 F2 L2 D' R2 L2 F2 U B2 U B';2022-11-19 19:21:19;2.34
694;2.09;;U' R' B2 U2 R2 F2 R' B2 U2 B2 L' B' L U2 L' D R2 U' B';2022-11-19 19:21:22;2.09
695;1.80;;R B' L2 F' L2 F D2 B R2 B D2 R2 U B2 D' B2 F' U L D' F;2022-11-19 19:21:25;1.80
696;2.06;;D' B2 L2 F2 R2 U B2 U R2 D2 R2 L D2 F R' F R2 B' F' D2;2022-11-19 19:21:28;2.06
697;2.60;;U' L R2 D2 U L2 D2 L2 B2 L2 F2 R F R2 D L' B F L';2022-11-19 19:21:32;2.60
698;2.19;;R2 D' U2 L U2 L' D2 B2 D2 F2 L' D2 L2 D' F L' R B R' B;2022-11-19 19:21:36;2.19
699;1.83;;R' F2 R2 D2 L' B2 R2 D2 B2 R2 F2 L F R B D U2 B L' U B;2022-11-19 19:21:39;1.83
700;2.12;;D U2 F2 U2 L' D2 R B2 L' R' B2 R' D' F U2 R' F L2 U2 L2;2022-11-19 19:21:43;2.12
701;1.92;;R B2 D2 L2 F2 L2 U L2 D' U L2 R2 B L D' L' D' U F' U2;2022-11-21 00:28:31;1.92
702;2.24;;F' R2 F' L2 B R2 D2 L2 U2 B L2 U2 L' U R' D2 L' F2 L' D' R2;2022-11-21 00:28:34;2.24
703;2.06;;B2 D' R2 D U L2 B2 D2 B2 R2 F2 U R B' F R' D R' B L2 B2;2022-11-21 00:28:38;2.06
704;1.89;;U F2 D' F2 B' R' F U2 B' U' R2 B2 D2 B2 U' L2 U' B2 L2 D' L2;2022-11-21 00:28:41;1.89
705;2.57;;R2 B U2 L' U2 L2 F2 D2 U2 L2 R' B2 R U' B2 F2 L F R' D;2022-11-21 00:28:44;2.57
706;1.90;;F L' R2 F2 D L2 B2 D' B2 U' F2 U F U F2 U B2 R' F2 U';2022-11-21 00:28:47;1.90
707;2.12;;L' F2 R2 D2 R' B2 L2 D2 L D2 B2 R D' B D2 F2 R2 F' U R2 F;2022-11-21 00:28:55;2.12
708;1.87;;F' R D2 U R2 D B2 U F2 D2 L2 F2 U L F' U F2 R' B2 R2;2022-11-21 00:29:05;1.87
709;2.18;;R2 D L2 U' B2 L2 U L2 R2 U2 B L' B D B' F' R' U L2 F;2022-11-21 00:29:09;2.18
710;1.92;;F2 D' F R2 B2 D2 R2 F2 U2 F L2 F2 L2 D' F R' F2 D L D2 F2;2022-11-21 00:29:14;1.92
711;2.09;;F2 D2 B2 R' B2 L D2 F2 L B2 R' B' L' F U L D B U' B2;2022-11-21 18:18:27;2.09
712;1.80;;R2 U L2 U2 L2 D' F2 D2 B2 U R D B' R2 F U' L2 D' R';2022-11-21 18:18:33;1.80
713;1.80;;F' D' L2 F2 D F2 D U2 F2 L2 B2 R2 U L D' U' B L2 D' F L';2022-11-21 18:18:36;1.80
714;2.51;;F2 L F' U2 L F' U L B' U2 F2 D2 R' U2 L' B2 R' D2 R B2 D2;2022-11-21 18:18:38;2.51
715;1.80;;F D' B D2 B F2 L2 B' F' U2 B L' B' D2 U B' D F';2022-11-21 18:18:44;1.80
716;2.00;;B L' B2 U F D' L B U' F2 R2 U' B2 U2 R2 D F2 D L2 U L';2022-11-21 18:18:48;2.00
717;1.76;;R2 D F2 L2 R2 U L2 F2 D R D2 R2 D' F' R2 F' L2 D2;2022-11-21 18:19:01;1.76
718;1.96;;F' U L2 U2 F2 L2 B L2 F2 D2 L2 F R2 D R F U F2 L' D R;2022-11-21 18:19:05;1.96
719;2.54;;R2 D2 B2 U2 F U2 B L2 F D2 F2 U2 L' F' L2 R' B2 D B F;2022-11-21 18:19:13;2.54
720;1.96;;L2 B2 U2 R2 U' B2 L2 B2 D U' B' L' B2 L2 B2 R U' B2 R;2022-11-21 18:19:17;1.96
721;2.25;;B2 L' F R' U B2 R' L2 D B2 L2 D2 F2 U' R2 L2 F2 L2 F' D2;2022-11-22 21:28:48;2.25
722;2.37;;B2 R F' L' D' R' U L2 F' D2 L F2 L U2 F2 R2 F2 D2 L2 D2 R';2022-11-22 21:28:52;2.37
723;3.40;;B' F2 U' F2 U F2 U R2 F2 D' R2 U L U' R2 F D' B' F' R';2022-11-22 21:29:03;3.40
724;1.67;;D L2 B2 U' B2 U2 R2 U L2 U' F U' B L F R' U2 L' D2 R;2022-11-22 21:29:07;1.67
725;1.67;;B2 R' B2 D2 R' D2 R2 D2 F2 U2 F2 R' B D F D R D B U;2022-11-22 21:29:10;1.67
726;1.73;;U' R L2 D2 B2 F L2 R2 D2 B' L2 B' U2 R2 D' R D F L' F R2;2022-11-22 21:29:13;1.73
727;1.76;;B2 F2 D2 F2 R2 U' F2 R2 B2 D B R D B L F L2 U' B D';2022-11-22 21:29:15;1.76
728;1.74;;B2 L2 B2 D U2 B2 D L2 D' R2 U' R2 L U L2 D2 U L2 B D' L2;2022-11-22 21:29:18;1.74
729;1.80;;B L2 F' U2 B U2 L2 R2 F L2 U2 R2 U' L2 R D' R2 D2 B' F' D2;2022-11-22 21:29:21;1.80
730;1.73;;B L2 U R2 F2 L2 U2 L2 U' B2 D2 R' B' L2 F2 R2 U' R' D' B;2022-11-22 21:29:24;1.73
731;1.83;;D R' F U' R B' R2 L D F L2 F2 U2 D2 F2 U2 F U2;2022-11-23 23:26:51;1.83
732;2.41;;B R2 B2 R2 B2 U' L2 D2 F2 D L2 D R' U L' B D' F' R2 F;2022-11-23 23:26:54;2.41
733;2.83;;L' F' D2 F' R U' R F' R2 B L2 B' L2 B R2 D2 B L2 R;2022-11-23 23:26:57;2.83
734;1.92;;R2 L2 B L' D' B2 U2 F' D' R2 B2 R U2 L2 D2 B2 R' D2 L D2 B2;2022-11-23 23:27:01;1.92
735;2.82;;D' B2 R2 U L2 F2 U' F2 D' B2 U2 L D F R B D' B U R' B';2022-11-23 23:27:04;2.82
736;1.92;;U B2 L2 D2 U B2 R2 U2 B2 F' L R' U F' R U B F2 L2;2022-11-23 23:27:10;1.92
737;1.83;;R D2 B2 D2 B R2 D2 F2 U2 B R2 D2 B' R D F2 D2 L F2 D2 U;2022-11-23 23:27:13;1.83
738;2.86;;F D2 F2 R2 F D2 B L2 D2 L2 F' R' F' L2 F' R U' F' U;2022-11-23 23:27:16;2.86
739;1.86;;L2 U' F2 R D2 B2 L2 D2 B2 R D2 B2 U' B' D' L2 U R' F;2022-11-23 23:27:20;1.86
740;1.92;;B' R U2 F2 U2 R D2 R D2 L2 F2 R D2 B' D U' B R B L';2022-11-23 23:27:22;1.92
741;1.80;;L2 B2 L F' D' B U' L' U' D2 F D2 B2 R2 F D2 B R2 U2 F2 L2;2022-11-24 16:01:09;1.80
742;2.21;;D2 F2 B L' U2 L' D R' U' B' D2 R2 B' D2 R2 B' D2 F2 R2 D2;2022-11-24 16:01:12;2.21
743;1.83;;D2 L2 F2 L' B2 L U2 R' B2 R U2 R2 U' R2 D F L' U2 L2 F2 D';2022-11-24 16:01:15;1.83
744;2.34;;F L2 U2 B2 R2 D2 R2 F R2 F' R D R D B R' F R' F2;2022-11-24 16:01:18;2.34
745;1.89;;U' L2 D2 U2 L F2 D2 L F2 L' B2 R B2 D' L2 F' L2 B2 D' L;2022-11-24 16:01:24;1.89
746;2.63;;U' L2 B2 D2 R2 U F2 R2 U F2 B L' U B2 R' B2 R' F' L2 D2;2022-11-24 16:01:27;2.63
747;2.37;;F2 L2 R2 D B2 U' F2 U L2 B2 D L' U L2 F2 L F' D R2 U2 F';2022-11-24 16:01:31;2.37
748;2.50;;D2 F R' F U B2 L' D' R F U2 D2 L2 B L2 F2 B' R2 F;2022-11-24 16:01:42;2.50
749;1.96;;B2 L B2 D2 L' R U2 R' F2 R F' R U' L' B' U2 B' D' B';2022-11-24 16:01:45;1.96
750;1.86;;F2 L2 U R2 U' F2 D B2 R2 U' F2 B' R2 F' D L B L U2 L2 D';2022-11-24 16:01:57;1.86
751;3.92;;L D L2 U R2 B2 L2 F2 U' R2 B2 R2 F' L2 F D L D R2 B R2;2022-11-26 02:55:12;3.92
752;1.70;;L D' L2 U F2 L2 D2 F2 U L2 R2 U2 B R2 U2 B R' B2 F2;2022-11-26 02:55:19;1.70
753;1.76;;F L2 D2 F' L2 F R2 B D2 F U2 L2 D' B' L B2 R D B' U;2022-11-26 02:55:23;1.76
754;1.80;;L' B' L U2 R B2 R B2 L' U2 L2 B2 D R' B' F L' F;2022-11-26 02:55:26;1.80
755;2.34;;F2 U L2 B D' R L U' F' L2 F' R2 L2 B' L2 F D2 L2 F R;2022-11-26 02:55:33;2.34
756;1.86;;B L' F2 R2 U L2 U' F2 D' L2 D' L2 U F R2 B D2 U' L R;2022-11-26 02:55:36;1.86
757;2.22;;R2 F' D2 B L2 B D2 U2 F R2 U' L' D F L B R' D';2022-11-26 02:55:39;2.22
758;1.89;;U2 B2 L2 B2 D F2 U' L2 R2 F2 U2 R B D F' R2 U R2 B L2 U';2022-11-26 02:55:43;1.89
759;1.89;;L2 B2 F2 D' L2 D L2 B2 D R2 U' F L' D' L2 B2 U2 F' U F2;2022-11-26 02:55:47;1.89
760;1.76;;F' R' B2 D F2 U2 L2 B2 R2 B2 D' F2 R2 B' R' D F' L B2 R2 D2;2022-11-26 02:55:52;1.76
761;1.85;;U' R2 B2 L2 B D2 B2 R2 D2 F' U2 L' D B2 U' F L B U';2022-11-27 01:18:52;1.85
762;2.20;;D' L2 U2 B U2 B2 U2 F L2 D2 R2 U2 B' L B U B R U' B F';2022-11-27 01:18:56;2.20
763;1.96;;L' U' B2 U2 B2 L2 D' F2 L2 D2 U' B2 L2 F' U R' F D' B2 U';2022-11-27 01:18:59;1.96
764;2.02;;U' B R2 B L' U2 R' F' B2 U L2 U D' R2 U2 F2 L2 B2 L2 B;2022-11-27 01:19:04;2.02
765;1.85;;R B' L F U D2 L F2 D2 R2 F2 L2 B L2 D2 B' D F2;2022-11-27 01:19:09;1.85
766;1.85;;B U' B2 F2 D' B2 R2 B2 U B2 U R2 U R' D' F2 D' B D L U;2022-11-27 01:19:14;1.85
767;1.73;;D F2 D2 B R2 D2 L2 R2 B U2 R2 B' R2 U L' U2 L B2 D' L' R;2022-11-27 01:19:17;1.73
768;2.08;;U2 F' L2 R2 B' L2 B U2 F' U2 F L' D2 L' D2 R' U2 F U F2;2022-11-27 01:19:20;2.08
769;1.92;;B' R2 U F2 R2 U2 L2 D2 U F2 L2 U' F' L R2 U' L2 R' F2 U';2022-11-27 01:19:24;1.92
770;2.59;;B R2 F2 R' F2 L' B' D L2 U F2 D2 B2 L2 B2 L2 U2 D' L2 R U;2022-11-27 01:19:29;2.59
771;2.36;;F2 R2 D2 F R B' U2 F' L2 B2 R2 B2 D' R2 L2 U' L2 D2 L2 F;2022-11-28 00:33:05;2.36
772;1.88;;U' B' D2 B U2 L2 B2 F' D2 L2 U2 R2 U' R U2 L2 D' B' F R U2;2022-11-28 00:33:09;1.88
773;1.76;;R U2 R U2 F2 R' U2 R' F2 R' D2 F U2 L' F2 D' L D2 U2 L2;2022-11-28 00:33:14;1.76
774;2.40;;B' R F' D F L' B U' F2 L F2 L2 U2 F2 U2 L F2 D2 L' D';2022-11-28 00:33:18;2.40
775;2.02;;F D F' U R2 D2 L' D' R' D2 L2 D2 L U2 D2 F2 R U2 L' F2;2022-11-28 00:33:23;2.02
776;1.79;;R D2 L' U2 F' B R' D' L D' R2 U F2 D F2 B2 R2 B2;2022-11-28 00:33:26;1.79
777;2.24;;D2 B2 U2 R2 F R2 U2 B' U2 F L2 B' L D B' L' R' F2 D2 F2 U;2022-11-28 00:33:29;2.24
778;2.14;;L2 D R2 B2 F2 D' L2 U' B2 R2 U2 R' F2 D F L F R' U' B F;2022-11-28 00:33:32;2.14
779;1.82;;R2 B2 U R D' L F U2 R F2 R' U2 R U2 F2 U2 R2 U L;2022-11-28 00:33:37;1.82
780;1.99;;B' L B2 F2 D2 U' L2 B2 U2 F2 U F2 U L R D F' U2 F R' F';2022-11-28 00:33:40;1.99
781;2.49;;R2 F2 U B' L' U B' U' F R2 L2 U F2 U' B2 D B2 R2 U F2;2022-11-28 18:16:51;2.49
782;1.82;;U' L B' R' B2 U D2 R U2 L2 B D2 F2 U2 F' B' U2 L;2022-11-28 18:16:54;1.82
783;2.60;;B' D2 U2 F' D2 F' L2 D2 F2 D2 B2 U' B2 U2 L' B' D F2 L' D2;2022-11-28 18:16:57;2.60
784;1.92;;B L' F2 U2 R B' D' U2 R' B2 D2 L' U2 B2 R' F2 R2 L D' L;2022-11-28 18:17:05;1.92
785;1.64;;L F2 D2 U2 L' F2 D2 L2 F2 R2 F2 U L U B D' F R' B2 U';2022-11-28 18:17:08;1.64
786;2.72;;D2 B2 R F2 D2 L F2 U2 L D2 R D' L2 B' U B2 F L2 R2 U2;2022-11-28 18:17:11;2.72
787;2.08;;L' D' R2 B2 D' R2 U R2 D2 B2 U B' R' D B2 L D B2 D F';2022-11-28 18:17:16;2.08
788;1.95;;L F' U' L2 U F2 D F2 R2 D F2 L2 F2 L' B' L' R2 F' D2 U';2022-11-28 18:17:19;1.95
789;2.11;;F' B2 U B2 D' F2 D U2 F2 U' F2 L2 B U' L R' D' B L' D2 R;2022-11-28 18:17:23;2.11
790;1.96;;D2 B2 L2 D' R2 B2 U2 B2 D2 F2 U L B' U L2 R2 D2 B2 R B R2;2022-11-28 18:17:26;1.96
791;2.11;;B L2 U' R2 F2 D2 R2 D' U2 L2 R2 F L' B2 L2 B L B2 D2 U';2022-11-29 21:24:07;2.11
792;2.08;;R B2 R' B2 D2 L2 U2 L B2 R2 B2 D B D2 R B R2 F2 R2 D;2022-11-29 21:24:12;2.08
793;3.01;;U2 R' U2 R2 B R D R2 F' L B2 U2 L U2 F2 L2 U2 L F2 R2 D2;2022-11-29 21:24:18;3.01
794;2.01;;U L2 F2 B D R U R' U B R2 L2 F2 L2 U2 F' U2 B' U2 B2;2022-11-29 21:24:22;2.01
795;2.08;;F2 R' U2 F' U' F2 L U' B2 D2 R B2 L D2 R2 U2 F2 R F';2022-11-29 21:24:25;2.08
796;2.73;;F2 U2 R2 U2 L2 U2 F2 U2 B' U2 F D' B2 R B L B R2 B F;2022-11-29 21:24:30;2.73
797;1.82;;F L U' F L2 F R' D F' B L2 D2 B' U2 B' U2 D2 B2 D';2022-11-29 21:24:34;1.82
798;1.83;;U' L2 U2 L2 F2 D F2 L2 R2 F2 U' B' R F' R D2 L' D U';2022-11-29 21:24:37;1.83
799;2.23;;L2 D R' F2 B' U2 F2 L D2 L2 D' B2 U2 L2 D' B2 L2 U L;2022-11-29 21:24:40;2.23
800;1.85;;L F L2 D' R F2 L U L2 F2 R2 F2 U' R2 B2 D B2 U' F2 R';2022-11-29 21:24:44;1.85
801;1.99;;D2 B U2 L2 B2 U L2 F2 D2 F2 U' R2 D2 F U' B' F2 L' B D2 R2;2022-12-01 09:45:37;1.99
802;1.82;;U' B L U2 L' B' L B2 D F2 U2 R' D2 L' U2 R F2 L' U2 L2;2022-12-01 09:45:40;1.82
803;1.92;;D' R' F2 D L2 D2 F2 L2 D' L2 U' F2 U2 L' D U' B' D L U;2022-12-01 09:45:43;1.92
804;1.95;;F U2 R D2 B2 L B2 L' F2 R' B2 L F2 D F R' D' U F' U2 F2;2022-12-01 09:45:48;1.95
805;1.92;;B' F2 U F2 U B2 R2 B2 F2 D B2 D2 R2 B' L' D2 F2 U F' L';2022-12-01 09:45:51;1.92
806;1.92;;F2 D2 F2 U2 R B2 U2 L D2 L' D2 R D' B' F2 D' F2 U R' D2;2022-12-01 09:45:54;1.92
807;1.80;;R2 B' F2 R2 D2 L B2 L2 R' B2 U2 L B F D L' R' U L2;2022-12-01 09:46:02;1.80
808;1.72;;F L2 F2 R' D2 L2 U2 F2 R' F2 U2 R2 B' D' L B' R' F' L' B2;2022-12-01 09:46:05;1.72
809;2.69;;R' D2 F U2 F' U2 B' R2 F' R2 F' R2 F' R' D' R D U' B L B;2022-12-01 09:46:07;2.69
810;1.98;;B' F2 U' B2 R2 U2 B2 R2 D R2 U' L' D B D2 U' R' D2 U2 B2;2022-12-01 09:46:11;1.98
811;2.92;;F2 L2 U B2 U' F2 U B2 R2 D2 U' B2 L D2 B' F R2 B R' U2;2022-12-02 23:47:27;2.92
812;1.88;;F' U' F2 U R2 U' B2 D F2 D' R2 F2 B U L D' L' U' F R B';2022-12-02 23:47:31;1.88
813;1.83;;B2 U F2 D B2 U' F2 U' B2 L2 F2 U' L' B R' D R2 B2 F U;2022-12-02 23:47:34;1.83
814;2.47;;L2 F2 R2 B2 U2 F2 R' U2 F2 L' R' U2 B D B F2 L F' L2 D R;2022-12-02 23:47:37;2.47
815;1.99;;B' U' L2 B2 D2 F R2 D2 F U2 B' D2 U' R' D R' D2 U B;2022-12-02 23:47:42;1.99
816;1.96;;L' F2 R' B2 L F2 D2 B2 R2 F2 U B' U' L R' B' L' D B;2022-12-02 23:47:45;1.96
817;1.89;;B2 D B L' F' B2 U' L2 F' D2 B2 U2 R2 F' U2 F' R2 F D' B;2022-12-02 23:47:48;1.89
818;1.92;;U R2 F L U D R D' F R2 F R2 B' R2 B R2 D2 B2 L';2022-12-02 23:47:52;1.92
819;1.99;;F2 D F2 U' R2 B2 D2 F2 R2 D R F' D2 F2 R' D L' U R' F';2022-12-02 23:47:55;1.99
820;1.96;;B U' L2 U2 F R2 F2 U2 F L2 F' D2 F D B2 R' D U' L' U' R;2022-12-02 23:47:58;1.96
821;2.30;;F L' D2 B U2 F U2 F' U2 L2 F' L2 B' D2 R U2 L' B' D' L2 D';2022-12-03 16:48:41;2.30
822;1.96;;B2 U L2 R2 B2 U B2 F2 D L2 U' F2 B' U2 B2 L D L U2 B;2022-12-03 16:48:44;1.96
823;2.08;;D' B F2 U2 B2 U L2 U L2 D' R2 F2 L B' D2 L' U2 L;2022-12-03 16:48:47;2.08
824;2.73;;B L2 F2 U2 R D2 L' U2 L U2 B2 D2 L B U' B F2 L' F R2 U;2022-12-03 16:48:50;2.73
825;1.84;;D' B D2 F' U2 R2 F D2 B U2 R2 B' U2 D' B2 R' B2 F2 D' R';2022-12-03 16:48:55;1.84
826;1.96;;U' L' D2 R D2 F2 D2 F2 L R2 D2 R2 F R' D U' L2 F D' B' R';2022-12-03 16:48:58;1.96
827;2.38;;F U' B2 L' B' D L2 U F' R2 F' U2 F' L2 B R2 D2 R2 F2 D2;2022-12-03 16:49:03;2.38
828;2.09;;D2 R2 B2 D' L2 U' R2 F2 D R2 U' L' F' R2 F' U' F2 D R' U;2022-12-03 16:49:06;2.09
829;1.89;;B U' R2 B' U2 B' U2 B' R2 D2 U2 F' R2 D B' R U B2 F U2;2022-12-03 16:49:11;1.89
830;1.89;;U R' F' D2 R2 D' B D L2 F2 D2 L2 D' R2 B2 U2 D' B R';2022-12-03 16:49:14;1.89
831;2.03;;F' U' D2 F D2 U2 L2 B' U2 F' D2 L' U2 F2 R' U B' R' D;2022-12-04 23:26:34;2.03
832;2.02;;R2 D' F2 L2 F2 R2 D U2 F2 L2 U2 L' U2 B R2 U F L' U L2 U2;2022-12-04 23:26:37;2.02
833;2.60;;L2 B' R2 U2 L2 U2 F U2 L2 F' L2 F' D' B L' B2 U2 L2 U' B' D;2022-12-04 23:26:40;2.60
834;2.34;;B' U F' U' R2 F2 D R2 B2 D2 L2 D R2 B2 L D R' F2 D U2 B;2022-12-04 23:26:44;2.34
835;2.12;;B' D L F U' D L D B2 L2 U B2 R2 D2 L2 U' R2 B2 D' F D;2022-12-04 23:26:48;2.12
836;1.80;;B' R F2 R2 D L2 D B2 U B2 U R2 U B' R' B' L' B' D' R';2022-12-04 23:26:53;1.80
837;2.60;;F2 L2 F' U2 L2 R2 F U2 R2 F' R2 D2 U R F U2 R D2 F2 L F2;2022-12-04 23:26:57;2.60
838;1.99;;D L F' B2 R2 U2 L' B2 U R2 D' B2 U D2 B2 D' F;2022-12-04 23:27:01;1.99
839;1.83;;F U' R' L2 B2 L2 U L2 U' L2 U' F2 R2 D R F2 U' B R' F L;2022-12-04 23:27:04;1.83
840;2.19;;U2 B2 D2 B2 U2 L2 D F2 L2 R2 U2 F' U2 L D B D' F D F R';2022-12-04 23:27:07;2.19
841;1.88;;F2 D' R2 D R2 U' F2 D' R2 D' F2 L' U' B F L D2 B U' B' D';2022-12-07 02:09:34;1.88
842;2.88;;U' F' U2 R U2 L' U2 F2 R' U2 F2 L' R F2 D' B F2 R' D F U';2022-12-07 02:09:37;2.88
843;1.82;;B U D2 R F2 U2 R' D F D2 F2 B' D2 R2 F' D2 R2 F2 B' R';2022-12-07 02:09:41;1.82
844;1.89;;L U2 R2 B' D2 U2 L2 B F D2 F' U' F' U' B2 D' B R' B';2022-12-07 02:09:44;1.89
845;1.88;;D2 L2 F2 D2 L2 U R2 U' L2 U F2 L' B F2 L U F' U' F' R D2;2022-12-07 02:09:47;1.88
846;1.85;;F D2 L2 F2 R U2 L' R2 F2 U2 R F2 U F U' L2 F' R;2022-12-07 02:09:50;1.85
847;1.89;;F2 R L2 U F2 L2 D' R2 F2 D' B2 D' L2 U2 B' L B D2 B2 D' F;2022-12-07 02:09:53;1.89
848;1.98;;U2 B F2 R2 D2 F' U2 F D2 F' D2 F' U L' R' B' L' F2 D R' F;2022-12-07 02:09:56;1.98
849;2.56;;L' R2 U2 L2 U' B2 R2 U' B2 D2 U' F' D R D2 L B F2 D2 R;2022-12-07 02:09:59;2.56
850;1.83;;R2 F2 R2 D2 R U B' U L2 U' R2 B2 D2 L2 D' F2 R2 D B' U2;2022-12-07 02:10:10;1.83
851;1.86;;B2 L2 U2 B D F U2 L R2 D L2 U F2 B2 R2 F2 D B2 U2 R;2022-12-07 19:37:45;1.86
852;1.73;;U' F' D2 B U2 F R2 D2 B L2 B' R2 U2 R F' U' B2 L' D U' R';2022-12-07 19:37:53;1.73
853;1.86;;F2 D2 R B2 U2 F2 U2 L R' U' B F' R' U B' R2 D2 B F2;2022-12-07 19:37:57;1.86
854;2.31;;L2 U2 F2 R2 F2 U' B2 U2 R2 F2 L2 U2 R B' U B' L' D' F' D' L';2022-12-07 19:38:00;2.31
855;2.99;;F' R2 B' R D L2 B2 R U' F2 U B2 R2 B2 D F2 L2 D' R2 D2;2022-12-07 19:38:04;2.99
856;1.83;;B L2 B R2 D2 B L2 F2 U2 F' D R' D2 F D' B' U R D2 U';2022-12-07 19:38:08;1.83
857;2.89;;R F2 L2 D U2 L2 F2 D L2 R2 B2 U2 L' F' L2 D U' L' B' L' U2;2022-12-07 19:38:11;2.89
858;2.05;;F U2 F2 L2 U R2 U' R2 F2 L2 U' R2 F D L F' L B' U' R2;2022-12-07 19:38:18;2.05
859;1.77;;U L2 F' L' B L2 B' R2 D' B2 U L2 B2 D' B2 U' R2 D2 B;2022-12-07 19:38:21;1.77
860;1.80;;D' B2 R' L2 U F2 D B2 F2 U2 B2 U' F2 U' L' F' U2 R2 D' U2;2022-12-07 19:38:25;1.80
861;2.14;;D2 L2 R2 U' L2 U F2 U2 B2 R2 U F2 B' R D2 U2 F L D2 U' L2;2022-12-08 22:18:22;2.14
862;1.79;;U' B2 F2 U B2 L2 B2 U' L2 D' R' U L2 B F' D B' F' R D';2022-12-08 22:18:26;1.79
863;1.88;;L' F2 B' R' L B U L2 F' U2 R2 F L2 F L2 F2 U2 R2 F D' F';2022-12-08 22:18:29;1.88
864;1.80;;U2 R' F B' U B' R2 D2 B' L' U D2 R2 L2 D' R2 F2 R2 U L2 U2;2022-12-08 22:18:33;1.80
865;1.85;;R D2 L B2 L' F2 L F2 U2 R2 U2 F' D' U' L' R D' L' B2 U';2022-12-08 22:18:36;1.85
866;2.85;;F R2 D2 L2 D F2 D F2 U' F2 R2 D' B R2 F D2 L' R' F' U2 L;2022-12-08 22:18:38;2.85
867;1.82;;U2 F L D2 F2 L' F2 R2 F2 R' F2 R' D2 F2 U' F L U2 F L' U';2022-12-08 22:18:42;1.82
868;1.92;;R2 U B2 L2 D L2 B2 L2 R2 D2 R2 B R' D' F' R2 D2 L B2 U2 F';2022-12-08 22:18:45;1.92
869;2.50;;L F2 U L2 D' L2 U B2 U2 B2 F2 U B2 F' L' R2 U2 B2 F' D' U2;2022-12-08 22:18:48;2.50
870;1.92;;B D R2 F' L D' R2 U F' L' F' U2 L2 B' R2 U2 F' R2 B L2;2022-12-08 22:18:53;1.92
871;2.03;;R2 L2 F' L2 U L2 B R' U F2 D2 L F2 R' B2 L2 U2 B2 R F2 L;2022-12-09 21:59:32;2.03
872;2.09;;B' R2 U2 B' D2 F' U2 F R2 F' L' D L' B' R2 F D' R' B;2022-12-09 21:59:35;2.09
873;2.08;;R2 D B2 D2 B2 U2 L2 U' B2 L2 D' F R' B2 D' F' L F U R;2022-12-09 21:59:38;2.08
874;2.18;;B2 F' D2 L2 B D2 R2 B2 D2 U2 F' L2 D' F2 U' R D' L' B L2 F2;2022-12-09 21:59:41;2.18
875;1.86;;U' L D F2 L2 B' D2 L2 U2 F2 L2 F' L' B R F L U' R2;2022-12-09 21:59:44;1.86
876;2.35;;R2 D F2 D L2 D' B2 L2 D' B2 R2 F D F2 L' R B D' B2 L' F2;2022-12-09 21:59:48;2.35
877;1.87;;B' L2 D2 B2 R2 U2 R2 B' L2 B U L B2 R D2 B' F D;2022-12-09 21:59:51;1.87
878;1.86;;U' L2 B F U2 F L2 F' R2 F' L2 F U2 L B U' L D2 R U' R';2022-12-09 21:59:54;1.86
879;1.89;;U R D' L2 U2 R2 F' U2 L2 U2 B' L2 B D R' F D2 L F U';2022-12-09 21:59:57;1.89
880;3.47;;L' U2 B' D' F2 U' B2 U2 R2 F2 U' B2 R2 F' U2 B R U' L F2;2022-12-09 22:00:00;3.47
881;2.06;;B2 F2 U2 L2 F2 L F2 R' B2 D2 L R2 B U' R' D F2 D U' L;2022-12-10 16:13:20;2.06
882;1.73;;F' D2 L' F' L2 U2 B2 F R2 F L2 D2 F' L2 U R B' D' R2 B2 F';2022-12-10 16:13:25;1.73
883;3.28;;U B R' F2 L F2 L2 R' B2 R' F2 D2 U' L D' B2 U' R' D B;2022-12-10 16:15:32;3.28
884;1.99;;B D' R' U' F B' L D' R2 L2 F' R2 B2 D2 R2 U2 R2 B' L2 U2;2022-12-10 16:15:39;1.99
885;1.86;;U' F' L2 F' U D2 F L' B2 L2 D' B2 U L2 U' D2 B2 U R2 D2;2022-12-10 16:15:42;1.86
886;1.90;;L2 D2 F U2 F L2 R2 B' D2 R2 B D F D2 L2 B' R' D2 F2;2022-12-10 16:15:59;1.90
887;2.12;;F D2 U2 R B2 F2 R F2 U2 L' R2 D2 R F' D' B' R2 F R' B2 R2;2022-12-10 16:16:05;2.12
888;3.38;;R B' R2 U' F R' D' L F U2 L2 F2 U2 R2 F' L2 B R2 U2 B2 L';2022-12-10 16:16:08;3.38
889;2.12;;L' B L2 B' U2 F2 U2 F2 R2 F' L2 U2 L D' F2 U F' L' U R;2022-12-10 16:16:12;2.12
890;2.51;;B L2 R2 B2 R2 B D2 R2 F L2 R B' L' U L' D R2 B L2 D;2022-12-10 16:16:51;2.51
891;2.08;;L' U' L2 D F2 D R2 F2 D L2 D2 F' U2 B' D B' L D' R B';2022-12-11 18:17:03;2.08
892;2.15;;L2 B' R2 F' R2 U2 F L2 F' U2 B' F2 R D' B L F' L' D' L F2;2022-12-11 18:17:06;2.15
893;2.56;;R2 L' D F' U' B2 R2 L' B' F2 U' B2 D R2 B2 R2 F2 U2 R2 B;2022-12-11 18:17:11;2.56
894;1.96;;L' U2 L2 F' D2 B' D2 F R2 F2 R2 D R2 U B2 L D' U' B2;2022-12-11 18:17:16;1.96
895;1.85;;R F' L D2 L2 D2 R2 B2 D2 B2 U' B2 L B' R' D U R' F;2022-12-11 18:17:20;1.85
896;2.69;;U2 B2 D' F2 L2 U2 L2 D' U' R' F U' F2 D B R D2 L2 R2;2022-12-11 18:17:23;2.69
897;1.86;;R' F B' U' B R2 U' D2 F2 D2 R2 B2 R' F2 B2 U2 R U2 D B;2022-12-11 18:18:24;1.86
898;1.73;;B R2 F U F' U2 D R D F2 B2 D B2 D R2 U B2 R2 L2 U2 B';2022-12-11 18:18:27;1.73
899;3.59;;L2 F' B D' R2 B' U D2 F L2 U2 F D2 F2 B R2 U2 D2 L B;2022-12-11 18:18:29;3.59
900;2.08;;F U F L2 D2 R D2 L B2 D2 L D2 L' B2 D L D F U R' B;2022-12-11 18:18:38;2.08
901;1.73;;L2 B D2 F' D2 F' D2 F L2 D2 R U B' L2 F2 L' R' D B2 D';2022-12-12 13:41:47;1.73
902;2.18;;R' U R2 B F D2 U2 R2 F' R2 F' U2 R F U F' R2 D2 R2;2022-12-12 13:41:53;2.18
903;1.73;;R2 U2 L2 F2 U' F2 D2 B2 U B2 L2 D' R' B' U F R' F' D' L' B;2022-12-12 13:42:03;1.73
904;2.02;;U' F2 L' F' R U' L' U2 D F' U2 R2 B' D2 L2 B' R2 B' L2 D2 F;2022-12-12 13:42:08;2.02
905;2.73;;B2 L' U2 B' L' F' B' R' U B2 R B2 D2 L2 F2 B2 R' D2 L' U2 F2;2022-12-12 13:42:11;2.73
906;1.76;;D2 F L2 U2 B2 D L2 U L2 F2 U B2 D' B2 L D' R' F R U B2;2022-12-12 13:42:15;1.76
907;2.66;;D2 B2 R B2 F2 R' B2 L2 R' F2 R' D B D2 U2 L2 U2 B' R' D;2022-12-12 13:42:18;2.66
908;1.70;;U' F U' D L' F' D R' B U2 B2 U2 L2 D2 R2 U B2 L2 F2 R2;2022-12-12 13:42:21;1.70
909;2.12;;L' B2 L2 D2 F L2 F D2 B2 U2 F' L2 D2 R' U2 B D' L2 R' F U';2022-12-12 13:42:24;2.12
910;2.69;;L U F D2 B L2 U2 B2 R2 D2 B2 F' D2 F2 R U L2 B L2 F2 U';2022-12-12 13:42:29;2.69
911;2.41;;U2 R F2 D2 L2 B2 R2 B2 D' F2 D L2 F2 L' B' U F2 R D' B2;2022-12-13 23:28:53;2.41
912;1.80;;R2 F2 D2 F2 L B2 R B2 R D2 R' B D2 L' B D2 U' L' D' B2;2022-12-13 23:29:01;1.80
913;1.79;;U2 R U2 B U2 L2 F U2 L2 U2 L2 B2 F' L' U B2 F' D U' B D;2022-12-13 23:29:04;1.79
914;1.99;;R2 D2 B2 D' L2 D F2 D' F2 L2 U B' R2 U R F' R' D R' U R2;2022-12-13 23:29:08;1.99
915;1.77;;B U B2 D F L2 U' R2 U2 F2 R F2 L2 U2 B2 L2 D2 B2 R U' B;2022-12-13 23:29:13;1.77
916;1.99;;R' D2 U2 R2 D2 B D2 F' U2 R2 F2 L2 R D L U F R2 B R D2;2022-12-13 23:29:16;1.99
917;2.21;;U B' D2 R U2 L D2 R' U2 L' U2 L D2 B2 U' B2 F U' F2 L F;2022-12-13 23:29:20;2.21
918;1.92;;F2 R' U R2 B2 L2 D' F2 U F2 L2 U B' L' F' D' B2 R' F2 L2;2022-12-13 23:29:24;1.92
919;1.80;;B' L2 R2 B R2 U2 L2 U2 R2 F2 R2 L' D' F2 L B2 F L B2 L;2022-12-13 23:29:28;1.80
920;2.57;;D' F' R2 U' F U' R' B R F2 L2 B2 L' B2 R' F2 D2 R' U2 F;2022-12-13 23:29:31;2.57
921;2.05;;UR0+ DR4- DL4+ UL2+ U1+ R4- D3- L2- ALL0+ y2 U1+ R3- D1+ L3+ ALL2+ UL;2022-12-14 21:11:27;2.05
922;1.83;;D' U' L2 F2 D B2 U' R2 D B2 U' R' F U' L B' L' F2 D2 B' R;2022-12-14 21:11:34;1.83
923;3.12;;F B2 D' L F B2 R D R F2 U2 L B2 U2 R L2 F2 D2 R2 F2 B';2022-12-14 21:11:37;3.12
924;1.72;;B2 U2 B2 R2 B F2 U2 R2 F R2 D2 U' R2 U R U2 F R2 D2 F' L';2022-12-14 21:11:46;1.72
925;2.01;;B' R2 F2 D' B2 U B2 U2 L2 F2 L2 B2 U R' B F2 L2 F D U2 F;2022-12-14 21:11:49;2.01
926;1.79;;F U2 L2 D2 F' D2 F L2 F2 D2 F U' B2 R B' L B2 U' B2 R' F';2022-12-14 21:11:59;1.79
927;1.86;;L2 D2 B L2 B L2 F' R2 B L2 F D2 R' U R2 B U' B' L2;2022-12-14 21:12:02;1.86
928;1.92;;R U' B2 D F B' U F' B2 L2 D2 L F2 R2 F2 R' F2 U';2022-12-14 21:12:05;1.92
929;2.28;;D' B R' L' B L' U2 L D' B2 R2 B2 L' B2 R' U2 L D2 B2 D2 R';2022-12-14 21:12:08;2.28
930;2.63;;R2 U2 R' U2 F2 L2 U2 L' B2 U2 B2 R2 U R' B D U B' D U;2022-12-14 21:12:11;2.63
931;2.40;;U2 R2 F R2 D2 L2 B' D2 B2 L' D L' U' R2 F2 R2 B R;2022-12-15 17:06:10;2.40
932;2.12;;F B2 U' R' D' R2 F R U2 D2 R F2 R U2 R2 D2 L' F' R2;2022-12-15 17:06:22;2.12
933;1.80;;B' F2 U2 R2 D' L2 D' L2 D' F2 U2 L2 U L' U2 R' U B L' D2 L;2022-12-15 17:06:26;1.80
934;2.67;;R2 U2 F U2 B' U2 B' D2 B L2 D' L R2 U L2 F' L' R2 U;2022-12-15 17:06:29;2.67
935;2.05;;B R' U2 F2 D2 B2 R2 D F2 U' L2 R' F2 U F L U F U2;2022-12-15 17:06:34;2.05
936;2.08;;U R2 D' B2 F2 U' B2 U' B2 L2 B2 D2 B' R' U' L B U R2 D' B';2022-12-15 17:06:37;2.08
937;1.87;;U L2 B' D2 L2 U2 B' R2 B' U2 R2 L F U B U B' D L';2022-12-15 17:06:40;1.87
938;2.02;;U' R2 B D2 L2 B2 U2 B2 F' L2 U2 F2 L' U B' D' B F' R' D';2022-12-15 17:06:43;2.02
939;1.92;;R' F B' L F' R2 F' B2 U' D2 B2 D2 L F2 R' B2 L' F2 U2 L2;2022-12-15 17:06:49;1.92
940;1.89;;U R D B2 L2 U' R2 U B2 D2 B2 D' F2 U2 F R B2 L F' U2 L';2022-12-15 17:06:52;1.89
941;1.80;;L2 D2 U R2 F' R2 D2 B R2 D2 F D2 F' L' R' F' D R2 F' D';2022-12-16 20:50:14;1.80
942;1.83;;F2 U' F U R2 B' L F2 R2 L2 F2 U2 B' D2 B D2 B' R2 L D;2022-12-16 20:50:17;1.83
943;2.35;;R2 B D2 R2 F2 L2 B' R2 B' L2 B2 L' U2 L D2 U' B L' U2 F;2022-12-16 20:50:20;2.35
944;2.83;;F' B' R B2 D R D L B2 L2 D R2 U' L2 U L2 D F2 D' R2 F;2022-12-16 20:50:23;2.83
945;1.70;;U' F' R2 B U2 L2 B U2 F U2 L2 B U' R B2 D2 U B' F' D2 L';2022-12-16 20:50:27;1.70
946;1.76;;R' D U2 F2 R F2 R' F2 L' B2 L U2 R2 B R' B' U R2 D B';2022-12-16 20:50:30;1.76
947;1.77;;U2 B U2 L2 F U2 F2 D2 B' U2 F L' B' R2 D2 U F L2 U R2;2022-12-16 20:50:33;1.77
948;1.67;;U2 L R2 U' F2 U' F2 D2 B2 U R2 B2 U' F2 B D' B U' F2 R F;2022-12-16 20:50:36;1.67
949;1.76;;B' D' B' L' U' L' B L F2 L2 U B2 U' B2 L2 D2 B2 D' L2 F2 R';2022-12-16 20:50:39;1.76
950;1.80;;R' B L' D2 R' B2 L' B2 L U2 R' B2 R' F U R' U L2 B F';2022-12-16 20:50:41;1.80
951;2.28;;U2 B2 L2 D' L2 B2 L2 R2 D' R2 B2 R' D' U' B U R2 F' D' L' R2;2022-12-17 14:46:42;2.28
952;2.37;;F2 D2 B2 F D F2 D' L2 U F2 L2 U' B2 F' R' B' U' F2 R' D';2022-12-17 14:46:45;2.37
953;1.76;;U2 R2 B2 U2 R D2 L2 F2 D2 L D2 L' D R' F2 D2 F' R B' D2 R;2022-12-17 14:46:50;1.76
954;1.76;;F R D2 B2 L2 D' L2 F' R2 L B2 U2 L' B2 R F2 L U2 D2 L' U';2022-12-17 14:46:53;1.76
955;1.76;;L2 B2 F2 U2 F2 L2 D' L2 D R2 F' D2 R' D2 R F2 D L2 B2;2022-12-17 14:46:56;1.76
956;1.57;;L' F2 R B U2 F D' B' F2 U2 D' F2 L2 F2 L2 U' F2 U' B2;2022-12-17 14:47:08;1.57
957;1.64;;UR5- DR4+ DL2+ UL2+ U4+ R2- D4- L2- ALL5+ y2 U1+ R5+ D2+ L5+ ALL3- DR DL;2022-12-17 14:47:11;1.64
958;2.31;;D2 B' F2 L2 U2 R2 D L2 B2 L2 U2 R2 U F2 B' R' B F R' U2 R;2022-12-17 14:47:20;2.31
959;1.57;;L2 F D2 L U2 F2 U2 B2 L' D2 R2 U2 R2 F' L' R' D L U F2;2022-12-17 14:47:24;1.57
960;2.92;;F2 D U L2 F2 U' B2 F2 U R F D2 B2 D' B2 R2 B2 L' U;2022-12-17 14:47:26;2.92
961;2.35;;L2 F2 L' F2 U2 F2 L' B2 R B2 L' U B F' L2 D L' B' R B' L';2022-12-18 15:57:44;2.35
962;2.36;;R2 L D' F2 D2 R2 F' B U R' B2 L B2 L' U2 B2 L' F2 U2 L';2022-12-18 15:57:47;2.36
963;1.68;;F2 U' R' F' R2 B2 L U F B2 U2 D2 L2 F' R2 D2 L2 B' U;2022-12-18 15:57:50;1.68
964;1.68;;D F D' B2 U B2 F2 U' F2 U' R2 D L2 D B F2 U' R' U2 L' D2;2022-12-18 15:57:53;1.68
965;2.64;;U2 B' R F' R' B2 U2 R B2 U' D2 F2 D' R2 F2 L2 F2 U';2022-12-18 15:57:57;2.64
966;1.80;;F2 D2 L' F2 L' B2 R F2 L R2 B2 D R2 F2 U2 F' U2 L U B' U';2022-12-18 15:58:01;1.80
967;1.68;;F' R2 D2 L F2 U2 L' F2 L2 B2 L' U2 R D B U' F' L2 F' R U';2022-12-18 15:58:04;1.68
968;2.00;;D' L2 F' L2 F' L2 F2 D2 L2 R2 F' D B2 R2 F' R' D' B D L';2022-12-18 15:58:07;2.00
969;1.87;;B2 D B2 R2 U2 R2 D' F2 U F2 D2 F' D2 L2 U F R' B' L2 U L;2022-12-18 15:58:10;1.87
970;2.03;;B D L D2 F D' B' R' F D2 F U2 D2 B2 R2 F' L2 F D B2;2022-12-18 15:58:13;2.03
971;2.03;;L' B U L2 D B2 D2 F2 R2 D2 R2 U B2 L' B2 F' D' L' D' L;2022-12-19 17:53:48;2.03
972;1.68;;R' U2 F2 D2 B D2 F' L2 D2 F' R2 F2 D2 R' D' U2 L' F U' B L;2022-12-19 17:54:28;1.68
973;3.15;;B2 U2 L' B2 L2 B2 D2 L' R2 F2 L' U2 D B2 U' R2 F R U B' U';2022-12-19 17:54:31;3.15
974;1.87;;R' F D2 R2 B' D2 R2 B' R2 B2 D2 L B D' B U' F R2 B;2022-12-19 17:54:38;1.87
975;1.80;;F D' F B2 L' F' D B' U2 F2 R' F2 L F2 L2 D2 L F2 R D2;2022-12-19 17:54:41;1.80
976;1.96;;B R D' F' L2 D' F L' B D2 F2 R U2 R2 F2 R B2 L U2 L;2022-12-19 17:54:44;1.96
977;1.70;;U R2 F2 L2 U' R2 F2 D R2 D' R2 U' F R U' L U' F' R2 D B';2022-12-19 17:54:47;1.70
978;2.03;;F' D2 F' U2 L2 R2 F2 L2 B' L2 F2 U' F2 U R' F2 D L' U' F' L';2022-12-19 17:54:49;2.03
979;2.38;;D2 R2 D2 F' R2 B' F2 U2 R2 U2 L2 B2 U' L2 B L F U B U' B2;2022-12-19 17:54:53;2.38
980;2.44;;D' F' R U' B2 U' L2 U2 L2 U2 B2 L2 F D' U2 R D' F2 D;2022-12-19 17:54:58;2.44
981;2.99;;R2 F2 D2 F2 D2 L2 U' R2 D' L2 U R' D' F' L B D2 U' B L2 D';2022-12-20 20:57:34;2.99
982;2.19;;L U2 R F2 L2 R' B2 R2 U2 F2 B U' R' F2 D2 F' D2 L R2;2022-12-20 20:57:38;2.19
983;2.28;;U F2 L2 D' F2 D2 B2 U R2 D2 B2 U B' F2 U' R U' L2 D2 B2 R';2022-12-20 20:57:42;2.28
984;1.96;;B2 L2 U B2 L2 U L2 D U L2 R2 U R F' R U L' F2 U2 L' B';2022-12-20 20:57:49;1.96
985;2.44;;U' F' R2 B2 L B2 R' B2 R D2 U2 L' U2 B R2 U L' D R' F';2022-12-20 20:57:55;2.44
986;3.15;;F2 R F2 L D2 U2 F2 U2 F2 R2 U' R' B' D U2 L B' R' B';2022-12-20 20:57:58;3.15
987;2.16;;F2 U2 F2 R2 D' F2 U' B2 R2 B2 D' F' R D R2 U2 F' D2 U R';2022-12-20 20:58:04;2.16
988;2.12;;B' R U2 F2 L D2 L2 U2 F2 R U2 F2 R' B' R2 D B' U B L2 B;2022-12-20 20:58:08;2.12
989;2.16;;F2 R2 F2 U B2 U2 B2 R2 D R2 F2 D R B L2 D' U2 B U R2 F';2022-12-20 20:58:11;2.16
990;2.12;;D F D2 B2 U2 L2 B L2 U2 B L2 F' U' R F2 L U2 F' U' B' D2;2022-12-20 20:58:15;2.12
991;2.25;;R U2 F' D2 F' U2 B D2 B2 F' U2 F' R' D' L' B2 R2 D' F' U';2022-12-21 15:57:20;2.25
992;1.99;;R2 U B' D2 F2 L2 B L2 F D2 B' D2 F2 L D F D2 B L';2022-12-21 15:57:23;1.99
993;1.89;;F2 R2 F2 U2 B2 R2 D B2 D L2 D2 F D2 B2 U L R' D' B' L2 F;2022-12-21 15:57:26;1.89
994;1.83;;F B R B2 U' R D U2 F2 R2 B' L2 B' U2 B2 U2 R2 B' U2 L B';2022-12-21 15:57:29;1.83
995;1.70;;R F L D B U' R B D' R2 B2 U2 R2 L2 B' L2 F U2 L2 B;2022-12-21 15:57:32;1.70
996;2.05;;L2 D F' U2 B L2 D2 L2 D2 F' D2 B' L R F U L' F R2;2022-12-21 15:57:35;2.05
997;1.70;;R' D2 F2 R2 F2 L' U2 L' D2 B2 U' R D F' U' B' U2 R' U2;2022-12-21 15:57:38;1.70
998;2.86;;U2 B R F2 U' L2 U2 L' R2 D2 F R2 F' D2 F L2 D2 B' R2 U;2022-12-21 15:57:41;2.86
999;1.67;;D2 R2 D2 R2 B2 L2 F' L2 R2 D2 B2 L' B' R D R U2 F R' U' F;2022-12-21 15:57:45;1.67
1000;1.70;;D B2 D2 B2 R' U2 B2 U2 L' F2 L' U' B D' R D L2 R' B;2022-12-21 15:57:48;1.70
1001;1.76;;B2 L2 D' U2 B2 U F2 R2 U' F2 R U F' U' L2 F' D F' U2;2022-12-22 16:58:42;1.76
1002;1.67;;B' D U2 R' D2 F2 L F2 D2 R U2 F2 B R' B2 D' U B D;2022-12-22 16:58:44;1.67
1003;2.37;;R D L2 D F2 R2 D F2 D' R2 U L' D' F R F2 R U2 B2 U2;2022-12-22 16:58:47;2.37
1004;1.83;;R2 F L F2 D' F2 U B2 D F2 D B2 D2 R2 L' F' L2 U B2 D B';2022-12-22 16:58:50;1.83
1005;1.76;;U2 B L2 D2 B' R2 B U2 B2 L2 R2 U' L' B2 D2 L D U2 L' D F';2022-12-22 16:58:53;1.76
1006;1.89;;D2 F L2 B2 U2 F' U2 B' R2 F2 R F2 R2 U' B2 L B' F' R U;2022-12-22 16:58:56;1.89
1007;1.73;;L2 B2 L B2 F2 L F2 R F2 D2 L2 B' D' F2 U B2 U2 F2 L2 D2;2022-12-22 16:58:59;1.73
1008;1.76;;B U' F2 D R2 B2 D F2 D U2 R2 U' F L U2 F2 U2 R' U B2;2022-12-22 16:59:02;1.76
1009;1.86;;B R' D F2 B U B2 R F R2 U' R2 F2 D F2 U' R2 U F2 D2;2022-12-22 16:59:04;1.86
1010;2.05;;U' F R2 U' L2 B2 U F2 D' B2 R2 F2 L2 R' F' U' B F' L' D2 B2;2022-12-22 16:59:08;2.05
1011;2.89;;R F2 L B2 L F2 R2 D2 U2 R D2 U B' U B2 R B' R' U L';2022-12-23 16:13:29;2.89
1012;1.92;;L' B2 L F2 L B2 U2 L B2 R D F U' B L R2 U2 R' B2 U2;2022-12-23 16:13:33;1.92
1013;3.11;;U2 R U' D L' B R2 B' U B' D2 F U2 F D2 R2 U2 D2 B' U2 D2;2022-12-23 16:13:36;3.11
1014;1.89;;R D' B2 R2 D' L2 F R D R2 U2 F' B' L2 F' U2 B2 L2 U2 R2;2022-12-23 16:13:40;1.89
1015;2.79;;R2 B2 R' D2 R' D2 U2 R2 F2 R U2 B D U' L' U B' L' D L';2022-12-23 16:13:42;2.79
1016;2.15;;D' F' U' B2 L R B2 R2 B2 U2 F2 L' U2 B2 D' U2 L2 R B' L R2;2022-12-23 16:13:47;2.15
1017;2.44;;U2 R2 D B2 U' F2 L2 R2 U' L2 D' F U' L R D L' F' U2 L' F;2022-12-23 16:13:52;2.44
1018;2.66;;L2 U2 R2 F2 R2 F L2 B' F' L2 F D2 R' F D' B' F2 L' F2 U F';2022-12-23 16:13:55;2.66
1019;2.12;;B U' D' F R L2 F' R F' R2 L2 D B2 U2 D' L2 D' F2 D F2;2022-12-23 16:13:59;2.12
1020;2.31;;F' D F R2 D R' U D B F2 R2 U' L2 U' B2 D2 R2 B2 R2 F2 U';2022-12-23 16:14:03;2.31
1021;2.50;;R D2 F2 D B2 U2 L2 D' R2 U' L2 F2 B D R' U' L U2 B2 R2 D2;2022-12-24 13:47:19;2.50
1022;1.99;;R2 D' F' L U D' R2 F R F D2 L2 U2 F' R2 D2 F' D2 L2 B2 L2;2022-12-24 13:47:24;1.99
1023;1.87;;B' D B2 D' L D2 F2 B D R L2 D R2 B2 U' B2 L2 D;2022-12-24 13:47:27;1.87
1024;1.83;;U2 R2 U' R2 B2 F2 R2 U' R' B' L' B2 D B2 R2 U' F U';2022-12-24 13:47:30;1.83
1025;1.87;;L2 B' D2 B2 F2 U' B2 F2 L2 D' F2 B' D2 R' F D F2 R;2022-12-24 13:47:33;1.87
1026;1.80;;F2 D' L' F' D' R F' D F R U2 L2 D2 R' D2 B2 U2 R' D2 L2;2022-12-24 13:47:36;1.80
1027;3.85;;B2 D F U B U B' D2 B' L2 U2 R U2 L U2 L' B2 L F2 R2;2022-12-24 13:47:39;3.85
1028;2.06;;R2 F L' F' U D R' L2 U R2 F2 U2 R' U2 L' F2 R D2 L U2;2022-12-24 13:47:46;2.06
1029;1.86;;R U2 F2 U L2 D L2 U2 B2 L2 U2 R B L' R' B' F' D F';2022-12-24 13:47:49;1.86
1030;2.05;;B2 R D2 L U2 B2 L' B2 L D2 L' D2 F D F' U' B L D2 U';2022-12-24 13:47:57;2.05
1031;1.72;;U2 R2 F U2 R2 U2 F' D2 F R2 F2 U2 D' L' F2 D F U' B D2 R';2022-12-25 18:10:48;1.72
1032;2.25;;R' D' R B R' D2 R F R F U2 R2 F B2 L2 B U2 L2 B';2022-12-25 18:10:53;2.25
1033;3.99;;U2 F2 D' L2 U R2 B2 R2 F2 U2 L2 U B D' B' F R D2 B D;2022-12-25 18:10:58;3.99
1034;1.89;;F L' B L2 U2 F2 U2 B2 R2 D2 F2 R2 F' L' B2 U R D U' F;2022-12-25 18:11:04;1.89
1035;1.83;;L' D L D2 F2 R2 B2 D B2 D B2 F2 U F2 L' B2 U' B F L U';2022-12-25 18:11:10;1.83
1036;2.96;;D' B2 U2 L B' R F' D' U2 F B L2 B' L2 D2 F' B2 R2 L2;2022-12-25 18:11:13;2.96
1037;2.51;;U R' L2 U L2 U' B2 L2 U' L2 D2 F2 U R' D' B R' B F L' R;2022-12-25 18:11:20;2.51
1038;2.19;;F L F D' F2 L U' D R' F2 D2 B2 D2 F2 U' B2 L2 D2;2022-12-25 18:11:25;2.19
1039;2.03;;B R' B2 R D L' F' U R F2 U' B2 D F2 U' B2 U F2 B2 U2;2022-12-25 18:11:28;2.03
1040;1.76;;B2 L2 D' L2 U F2 U R2 D' R2 U F' U L2 R F2 D2 U2 L;2022-12-25 18:11:31;1.76
1041;1.77;;B2 U' L2 F2 L2 R2 D B2 L2 U' L F R' D R' B L B2 D2 F';2022-12-26 17:52:14;1.77
1042;1.89;;B U' F2 B U L B L' D B2 U2 D2 R' U2 R' D2 B2 L' F2 R';2022-12-26 17:52:16;1.89
1043;2.44;;L B' U2 R2 B D' F D2 B2 R B2 U2 R F2 D2 F2 R2 B2 L' B';2022-12-26 17:52:19;2.44
1044;2.02;;D B' R2 L' U R' L' F' D2 B' R2 U2 L2 B2 D2 B' L2 F D;2022-12-26 17:52:24;2.02
1045;1.71;;R2 L2 B2 L U2 R F R D' U2 R D2 F2 D2 L D2 B2 R' B2 D2;2022-12-26 17:52:30;1.71
1046;2.21;;B2 L' B R' U' F L2 U L R2 F L2 U2 D2 B' U2 F R2 D2 B2 L2;2022-12-26 17:52:32;2.21
1047;1.71;;L2 U' L2 D' B2 D' L2 D' B2 F2 L F R D' B R B R2 U' B';2022-12-26 17:52:37;1.71
1048;1.89;;L2 D2 B2 F2 L2 F2 R2 U' R2 D' U2 B' U F2 R' F R' B' L' D R;2022-12-26 17:52:41;1.89
1049;1.76;;F' U2 R D2 L2 D2 F' R2 D2 U2 B U2 R2 D R B' L D2 L' U;2022-12-26 17:52:47;1.76
1050;1.73;;L B R2 U R D' L2 B U F2 U2 L2 D B2 R2 L2 U' F2 R2 L2 F';2022-12-26 17:52:51;1.73
1051;1.71;;U2 B' U2 F2 U R2 F2 U' L2 U' F2 U' B' L2 D2 L F' D2 R' U;2022-12-27 16:58:59;1.71
1052;1.80;;D B R' F2 L D R F' D2 B2 D' L2 F2 B2 U L2 F2 L2 D R';2022-12-27 16:59:02;1.80
1053;2.03;;D2 B2 U2 F2 L2 F' D2 B L' D' L B2 D2 L' B' F2 R2;2022-12-27 16:59:04;2.03
1054;2.71;;L F L2 F R2 F2 R2 U2 B' U2 B2 R' B L' U' B D R2 F U2;2022-12-27 16:59:07;2.71
1055;2.16;;F2 L F2 L' D2 L D2 R B2 L2 B2 L' F' U' F2 R2 F D2 L';2022-12-27 16:59:11;2.16
1056;2.80;;D2 F R' U R2 L F2 U2 F U2 L2 B2 U R2 B2 U2 B2 D' B2 L2 D2;2022-12-27 16:59:13;2.80
1057;1.86;;D R2 D2 R2 F' R2 F' L2 D2 L2 D2 U2 F U' L D' U2 B U F2 L;2022-12-27 16:59:18;1.86
1058;2.77;;U F' U' F R2 F' B2 D' R' F' D2 L2 B2 D2 B' L2 F L2 F R2;2022-12-27 16:59:22;2.77
1059;2.48;;L' U B' L2 D2 F2 L2 B' F2 U2 F' L2 U2 F' U' R' F' U' B U F2;2022-12-27 16:59:27;2.48
1060;1.77;;L F2 L D2 L B2 F2 L' R2 D2 F2 B U F' R D' L' B R D F2;2022-12-27 16:59:31;1.77
1061;2.77;;D F U' D L' B D B2 L2 U2 F D2 F R2 L2 B U2 B R' B' U2;2022-12-28 16:18:10;2.77
1062;1.80;;D2 B' R2 U2 L2 D2 B2 L2 B2 D F2 U B2 F2 L' D F D' U' F' U';2022-12-28 16:18:16;1.80
1063;3.00;;B' U2 R2 F' D2 L2 B2 U2 L2 B' D2 F D' F L U F U' L2 U';2022-12-28 16:18:39;3.00
1064;2.39;;U R' D2 B L' D' F' R' B U R2 F2 R2 U2 L2 U F2 L2 D2 B2;2022-12-28 16:18:51;2.39
1065;2.61;;L2 R2 F2 D F2 U' B2 F2 U' B2 D L' D L2 U R' B D' U2 R U2;2022-12-28 16:18:56;2.61
1066;1.94;;B D2 L2 B2 L2 B2 F U2 L2 D2 L' F2 R' U' B2 F R D' L' B';2022-12-28 16:19:02;1.94
1067;1.93;;L' B L2 U2 R2 B2 D2 B D2 F D2 R' D2 L' D' U2 B2 D2 U';2022-12-28 16:19:05;1.93
1068;1.87;;R' D2 F2 D' B L F2 U D2 F' R2 B' R2 U2 B R2 B2 L2 F U2;2022-12-28 16:19:08;1.87
1069;2.23;;R2 B2 D2 F' R2 B' R2 B U2 L B U L R D2 F' L' F2 L;2022-12-28 16:19:11;2.23
1070;2.00;;U' F D' R' F2 B U B U2 R' U2 L2 D2 B2 R' F2 L' U2 R F2 D;2022-12-28 16:19:14;2.00
1071;2.18;;R2 D' L2 F2 R2 U' B2 U F2 D2 R2 U' L B2 U' R2 U F' U2 F';2022-12-29 21:45:52;2.18
1072;1.67;;D U B2 D R2 B2 L2 D B2 R2 D' B' U R B L' R' F R' B;2022-12-29 21:45:55;1.67
1073;1.92;;B2 L2 D2 L2 F' L2 U2 B2 U2 R2 U2 D' R2 D R' U' L U B' D';2022-12-29 21:45:58;1.92
1074;1.70;;D F2 D2 R' U2 R2 B2 D2 L2 B2 R D2 R' U F U L B U F U;2022-12-29 21:46:01;1.70
1075;1.83;;D R2 U F B' R D' L' U' B2 L2 F2 R' D2 L D2 R F2;2022-12-29 21:46:04;1.83
1076;1.67;;D2 B' L2 B2 L2 R2 D L2 D U2 R2 D' R2 F U F L' D L' B';2022-12-29 21:46:08;1.67
1077;2.22;;U B D2 F2 L2 D2 B R2 F' L2 D2 F R' F2 D L2 F U L2 U';2022-12-29 21:46:10;2.22
1078;2.05;;D2 L2 D2 B2 U2 F' R2 B F2 D2 F2 D B' U F' U' B L F2 R2;2022-12-29 21:46:15;2.05
1079;1.86;;U2 L U R2 B2 F2 D' F2 L2 U' R2 D U2 B' R2 F L D2 L U2;2022-12-29 21:46:25;1.86
1080;2.54;;U2 L2 F D2 B L2 B2 D2 R2 B2 D2 L2 D' F2 L F' D' F' U' L;2022-12-29 21:46:29;2.54
1081;1.70;;R2 U' F2 R2 D2 F2 U L2 F2 L2 B2 U' L D2 B' D2 B L' B L' D;2022-12-30 16:32:45;1.70
1082;1.99;;B' R2 D L2 D' F2 D' L2 F2 U2 L B' R2 D2 R' U2 B2 D F;2022-12-30 16:32:48;1.99
1083;2.12;;R2 F R U2 F2 R D2 L2 F2 D2 L' D2 B2 U' L' D R2 B D2 L' B2;2022-12-30 16:32:54;2.12
1084;1.86;;D' B' R2 F2 R' D2 R B2 U2 B2 L' B2 R' U' F' D2 B L' B F;2022-12-30 16:32:57;1.86
1085;2.80;;F2 L2 R2 U2 L2 D B2 D' R' U2 L' D' B R2 F2 L2 R' U;2022-12-30 16:33:00;2.80
1086;1.83;;U D' R' U B L' D R U2 R B2 R2 F2 R' D2 L2 U2 B U2;2022-12-30 16:33:03;1.83
1087;2.25;;B2 U' L2 D2 L' D L' D' F' U2 D2 L2 D2 F2 D2 F2 B' D2 F' R';2022-12-30 16:33:06;2.25
1088;1.80;;L B2 D2 L2 D2 L D2 L' B2 R D2 L D' R' D2 R' D B F' L D';2022-12-30 16:33:09;1.80
1089;1.80;;B2 U B2 D2 F2 R2 U' R2 D' F2 L2 D2 L B2 D' B D R2 B D' B';2022-12-30 16:33:12;1.80
1090;1.76;;R2 D' U' R2 U L2 F2 U' R2 B2 F2 R F R D2 U B' D' R' U2 B;2022-12-30 16:33:15;1.76
1091;2.73;;R2 D B2 D R2 D2 B2 U' L2 R2 B' L2 B' F2 R' B U' F' R F2;2022-12-31 19:47:22;2.73
1092;1.83;;U B' R2 B R2 D2 U2 B2 L2 U2 B F2 D L R2 U' R2 U2 B' D';2022-12-31 19:47:27;1.83
1093;1.90;;U' L2 F' D' B R F B2 U L2 F2 D' F2 B2 D L2 U D L2 F L';2022-12-31 19:47:30;1.90
1094;2.38;;B' D2 L' B2 D F U' L F U2 F2 D2 F R2 B2 D2 B L2 B2 L';2022-12-31 19:47:35;2.38
1095;1.79;;L2 F' L2 F2 U2 F' L2 B2 U2 R2 F' R F2 D R U F' R U' B';2022-12-31 19:47:38;1.79
1096;2.19;;R B2 R2 F2 U' B2 U R2 B2 D' R2 U2 B D R' B' D B U2;2022-12-31 19:47:40;2.19
1097;2.44;;L D U2 B' L2 B R2 U2 B U2 R2 F D2 L2 D' L2 R' D R B' U';2022-12-31 19:47:45;2.44
1098;2.38;;U' L2 D' F2 L2 U' L2 D U' R2 F' U B2 D' B2 R D2 L U' R';2022-12-31 19:47:50;2.38
1099;2.03;;B2 L' D R' F B L U2 D2 F2 L2 F' U2 B2 R2 F D2 L2 B R';2022-12-31 19:47:53;2.03
1100;2.08;;D' B2 L' B' R B2 R F2 D F' B L2 F2 R2 B L2 F' D2 B' U2;2022-12-31 19:48:03;2.08
1101;1.90;;L2 B2 D2 R2 D' B2 R2 U' R2 B2 R D F' L' R U2 L D B2 F;2023-01-01 18:30:17;1.90
1102;1.86;;D L2 F2 D2 R2 D R2 B2 U F2 L F' U' F2 L B D2 R D2 F';2023-01-01 18:30:20;1.86
1103;1.73;;L' U2 B2 F2 D L2 U2 F2 U' B2 D' F2 U L' F' L' D U' B2 L' F';2023-01-01 18:30:23;1.73
1104;1.96;;L2 F2 D R2 D2 R2 F2 D B2 D R' D2 F L2 D U B2 L2;2023-01-01 18:30:25;1.96
1105;2.83;;L B2 D F2 R2 D' F2 D' R2 D' R2 B U' R U' R' D L2 B L;2023-01-01 18:30:29;2.83
1106;2.44;;L' U R2 U F' R' B L B2 L2 U' L2 D R2 L2 D F2 D' R2 B';2023-01-01 18:30:33;2.44
1107;1.76;;L2 B L2 D' R2 D R' U' R2 B2 U D2 L2 U R2 U' L2 B2 F L;2023-01-01 18:30:37;1.76
1108;2.40;;U L2 B' R2 D' B2 U' B2 F2 L2 U L2 D2 U' F L B2 U' L' B R;2023-01-01 18:30:39;2.40
1109;1.96;;U' D' L B U F U2 L' U' B2 D2 F2 R2 F2 R' D2 R' F2 R';2023-01-01 18:30:43;1.96
1110;1.86;;F2 U' R2 F B2 D R' U2 L' B D2 F' D2 F2 U2 L2 F' R2 D2 B;2023-01-01 18:30:46;1.86
1111;2.18;;U' B U2 R2 F' U2 F' D2 F2 L2 R2 F2 L' F' D' U B' D2 L2 B2;2023-01-02 20:15:10;2.18
1112;1.92;;F R' U2 R B U' B D' R U2 F2 U2 F2 B L2 B R2 D2 B2;2023-01-02 20:15:13;1.92
1113;1.88;;R' L2 D2 F2 D L2 D' R2 U F2 L2 U B' R D B' F L D B;2023-01-02 20:15:15;1.88
1114;2.34;;R B' U R' D' L U2 F' D L2 D2 B2 R2 U2 B' R2 F' D2 B R2 B';2023-01-02 20:15:19;2.34
1115;1.96;;U' B R' U' B D' L' F' U R2 D2 F2 R2 U2 B2 R L2 B2 L U2 R;2023-01-02 20:15:23;1.96
1116;1.95;;B2 R L2 B' U' F2 L D F2 U2 F' L2 B2 R2 F' U2 L2 D2 F';2023-01-02 20:15:27;1.95
1117;2.12;;R2 D2 R2 D2 R2 U2 F2 U B2 R2 F2 L U2 F L' D2 L2 U2 F R' U';2023-01-02 20:15:31;2.12
1118;2.34;;L' D' B U2 B' U2 F' R2 F L2 F R2 B2 F' R' F' L' U' B R D';2023-01-02 20:15:35;2.34
1119;2.15;;R D B2 U F2 D' R2 F2 L2 F2 D2 U R2 F' D R2 B' F2 L' R' D2;2023-01-02 20:15:38;2.15
1120;1.99;;L2 B2 F2 D U2 F2 D' L2 U2 R2 B2 R2 B R' D L F R' D' B' D';2023-01-02 20:15:43;1.99
1121;3.18;;B2 R2 B2 R2 U2 B L2 D2 R2 B2 D2 R D R' D R2 U' L2 B U F;2023-01-03 19:33:51;3.18
1122;2.51;;R' L F D' F L U' B2 R B' R2 D2 L2 B2 R2 F R2 D2 L2 U2;2023-01-03 19:33:55;2.51
1123;2.22;;D2 L D' B2 U' B2 L2 D2 R2 D' U2 B2 U' L2 R' F U B L2 R B2;2023-01-03 19:33:59;2.22
1124;2.06;;B2 L2 R' U2 R' U2 R' F2 U2 F2 R' B' D2 R D L R2 D' F' L;2023-01-03 19:34:03;2.06
1125;2.25;;F2 B' D' L2 D F' D U2 B2 D2 B2 L' D2 R U2 L2 B2 L2 D2 F D';2023-01-03 19:34:06;2.25
1126;2.86;;F U R2 D L2 U L2 F2 D F2 U' F2 R2 L' B D2 L B2 L' D2;2023-01-03 19:34:10;2.86
1127;2.15;;D B' D2 R' B' L' B' L2 U2 L2 D2 B2 R2 F' D2 B2 U2 L2;2023-01-03 19:34:13;2.15
1128;2.80;;U F2 B L2 U2 F' L' F' R2 F2 U L2 B2 D' R2 U B2 U' L2 D2;2023-01-03 19:34:16;2.80
1129;1.99;;D F' D2 U2 F' L2 D2 B2 F' U2 F' L2 F2 R B D' R2 B2 D' B R;2023-01-03 19:34:21;1.99
1130;2.08;;R U2 F2 L' U2 R D2 F2 L B2 D2 U L' B2 L' B' D U' F' D';2023-01-03 19:34:24;2.08
1131;2.25;;L' F2 R' B2 U2 F2 D2 R' F2 D2 L2 F2 B' L' B F D' F2 R2 F2 L;2023-01-07 00:41:18;2.25
1132;1.83;;L2 U L2 B2 D' U' B2 U R2 U' F2 R' D U' B L U R2 D' L2;2023-01-07 00:41:21;1.83
1133;1.83;;B' D2 R2 B U2 R2 F R2 U2 R2 U R2 F' L' D2 R B2 D2 U2;2023-01-07 00:41:24;1.83
1134;1.71;;D' F R2 U' B2 L2 U2 F2 R2 D2 U L2 R U2 B D' F2 L2 D';2023-01-07 00:41:27;1.71
1135;2.12;;R' D' L B' U' B2 R' B R F' B U2 L2 F' U2 R2 F2 U2 D2;2023-01-07 00:41:29;2.12
1136;2.15;;D F2 R' F2 B U L' U2 D2 F' D2 L2 B U2 F' U2 F' U2 B' R';2023-01-07 00:41:34;2.15
1137;1.73;;R' L2 D2 B2 R2 U L2 D' U R2 F2 U' L' F2 R2 F' R U R F D';2023-01-07 00:41:37;1.73
1138;2.35;;B2 U2 R2 B2 D2 L2 B2 F L2 B D' L U' L R' U B2 D2 R;2023-01-07 00:41:40;2.35
1139;1.96;;R' B2 L' F2 L' R2 D2 L2 U2 F2 U' F' L2 B D2 U2 B' L2 B;2023-01-07 00:41:44;1.96
1140;2.48;;R' F L2 B2 D' R2 B2 F2 U' F2 D' U2 R' U L U B2 R2 B' R2;2023-01-07 00:41:47;2.48
1141;2.40;;L F2 U L2 U' R2 B2 U' B2 D2 R2 F2 R' F' R B L U' R2 D' U2;2023-01-07 23:41:49;2.40
1142;1.80;;D F2 D2 U B2 R2 U2 R2 F2 R2 B2 L' B D R' B2 F R2 U2 R F;2023-01-07 23:41:52;1.80
1143;1.80;;R2 F D L2 B2 D2 R2 U' L2 U' B2 U R2 F2 L F' L' F2 D' R2 B;2023-01-07 23:41:55;1.80
1144;2.09;;U R2 D2 R2 U2 F2 U R2 F2 L2 U2 B' D2 U2 R B2 U' B' D F' D;2023-01-07 23:41:58;2.09
1145;1.83;;U' F2 D2 L U2 R' F2 R' F2 L2 D2 R' F2 D L' U B F' U L D';2023-01-07 23:42:01;1.83
1146;1.86;;L' D2 L2 D2 R2 F2 L2 B' R2 U2 F' D2 U' F2 L' D2 U' L' D B';2023-01-07 23:42:03;1.86
1147;2.12;;U2 R2 F' U2 F' R2 F' D2 L2 R2 F L F' U R F2 U R2 F2 R';2023-01-07 23:42:06;2.12
1148;1.92;;D F R2 U' F' L B D U2 B2 D2 R2 D2 F U2 R2 B' D2 F';2023-01-07 23:42:09;1.92
1149;2.09;;L2 D2 F R' B U B' D' R F U2 F' L2 B2 L2 F U2 F D2 F';2023-01-07 23:42:12;2.09
1150;1.73;;U R2 F D2 R' F' R' B U L2 D B2 R2 B2 U2 L2 U D2 F2 B2;2023-01-07 23:42:15;1.73
1151;1.90;;B D2 L2 U2 R B2 L' F2 R2 U2 R' U2 R' B' L R B' U F' R D2;2023-01-08 17:43:26;1.90
1152;1.86;;D R2 F' D2 B' U2 B U2 F2 R2 F' R2 F2 D U' R' D F2 R2 F D;2023-01-08 17:43:29;1.86
1153;2.12;;U' F2 R2 F U2 B2 U2 R2 B L2 D2 U F2 R' D B R B;2023-01-08 17:43:32;2.12
1154;2.22;;R B2 D2 B2 F2 D L2 D R2 U' L F' L' F L2 F L2 R2 D';2023-01-08 17:43:35;2.22
1155;1.93;;U R U2 F2 L2 U F2 U L2 D' U2 R2 B2 L B' L F R F2 D L2;2023-01-08 17:43:38;1.93
1156;1.86;;R2 F2 D2 R2 D2 B' L U B2 U2 R D2 B2 R2 L U2 B2 U2;2023-01-08 17:43:41;1.86
1157;2.35;;D F2 D' F2 U' R2 D L2 B2 U' F2 U' F' L' U L' D' B R2 D' R2;2023-01-08 17:43:43;2.35
1158;1.93;;B' R U2 L' U D2 L B' F2 D B2 L2 U R2 U2 R2 D' R2 U';2023-01-08 17:43:47;1.93
1159;2.00;;U' D2 L' B2 L D2 R2 B2 R' B2 R' D2 L D' B2 F2 U R' F' R D';2023-01-08 17:43:53;2.00
1160;1.96;;F' B2 D U L2 R2 D F2 L2 R2 U' L2 F' U2 R' D' F R F;2023-01-08 17:43:58;1.96
1161;1.70;;F' D F' D2 B' L2 D2 F2 L2 F U2 F' R2 F' R' U B' F2 L R2 D;2023-01-09 20:00:57;1.70
1162;1.96;;U' B2 R2 U2 L2 B' D2 L2 B L2 D2 F' L' D B U' F' R U2 B2 F';2023-01-09 20:00:59;1.96
1163;2.60;;R' L' U' B' L2 F' U R L2 D R2 U D2 F2 L2 U' R2 U B2 R;2023-01-09 20:01:02;2.60
1164;2.01;;D' B2 R U2 L2 B2 L' B2 R' U2 B2 R' B' D' R D L' B2 D' U';2023-01-09 20:01:05;2.01
1165;2.18;;R2 B2 R2 B2 D2 U L2 D' F2 U2 L D U2 R' B' D L' B F2 D;2023-01-09 20:01:08;2.18
1166;1.83;;B2 R F2 D2 L2 F2 L2 U2 L R2 U' R' B' R2 D2 U F D' F;2023-01-09 20:01:10;1.83
1167;1.99;;L2 R2 U L2 B2 U' B2 U' F2 R2 U' B2 R' U' L' F' R F L' D' L;2023-01-09 20:01:13;1.99
1168;2.18;;U' L F R2 B R2 D2 R2 B' U' L B D2 F D F' R;2023-01-09 20:01:16;2.18
1169;2.24;;B L B2 L2 R U2 R' U2 B2 D2 L2 B2 U B D' U2 F U2 F' L B';2023-01-09 20:01:19;2.24
1170;2.37;;B' D B2 R' U L' D' L U L2 U2 D' B2 U2 B2 L2 D R2 D' B;2023-01-09 20:01:22;2.37
1171;2.04;;R U' R' D B2 D B2 U F2 U2 L2 R2 F2 B U2 L U' B' F2 D';2023-01-10 20:08:51;2.04
1172;2.63;;L B2 R2 D2 B2 F2 R' D2 R' U2 B2 U2 F R U R2 D2 B R' D R2;2023-01-10 20:08:54;2.63
1173;2.12;;L' F U L' B2 D' L2 B L' D2 B2 R B2 U2 R' D2 L' F2 L B';2023-01-10 20:08:57;2.12
1174;2.04;;U2 L2 D2 B' R2 F' D2 U2 L2 B R2 F D' F' D2 L' U' R' D' U' F2;2023-01-10 20:09:00;2.04
1175;1.89;;F' D2 F' B2 R L2 F U' R2 L2 D' R2 D2 B2 R2 L2 U' R F;2023-01-10 20:09:03;1.89
1176;2.84;;R B' D B2 U2 L2 R2 U B2 L2 B2 L2 D' R2 F' R F2 R B2 L2 R2;2023-01-10 20:09:07;2.84
1177;2.34;;F D2 F2 D2 L2 F D2 B U2 F2 R B D2 F' U B' D L B' D';2023-01-10 20:09:11;2.34
1178;2.14;;U2 L U R' F U' B U D2 F' D2 R2 F' D2 F' D2 R2 L2 F L2;2023-01-10 20:09:14;2.14
1179;3.04;;R' F2 L' U' B' U' F L F' D2 L2 U R2 U' L2 F2 B2 U' L2 F2 U';2023-01-10 20:09:16;3.04
1180;1.92;;D2 F L2 B U2 B2 F' U2 R2 F U B L2 B L' F' R D2 F D;2023-01-10 20:09:20;1.92
1181;2.28;;U' R D' R U2 R2 F' D L U2 L2 U2 F' D2 F2 B' R2 L2 D2 B L2;2023-01-11 20:12:00;2.28
1182;2.05;;B D R2 B U2 B U2 F2 U2 R2 B F' R2 D2 L' F U L D2 F' L';2023-01-11 20:12:04;2.05
1183;2.28;;R2 B2 F U2 F L2 B' R2 F' D2 L D2 B D R2 U' R U' F D';2023-01-11 20:12:07;2.28
1184;2.01;;D F' L B2 R2 D' B L B2 L2 U D B2 D' F2 U' R2 F2 D L';2023-01-11 20:12:10;2.01
1185;2.12;;U2 R D F2 R2 U2 F2 U F2 U' L2 D' F2 U2 B' U2 L' B' L2 F R';2023-01-11 20:12:13;2.12
1186;1.99;;B2 L B R2 D' B2 D L2 B2 U L2 U R2 D' R F2 U' B' D U' R;2023-01-11 20:12:16;1.99
1187;1.92;;R2 F2 U L D' F2 L' D2 B' U2 B2 U' L2 U L2 F2 R2 L2 U L2 B2;2023-01-11 20:12:19;1.92
1188;2.05;;D2 F' L D R B' R' L U F2 L2 U' D' R2 L2 B2 U' L2 D' B2 R';2023-01-11 20:12:25;2.05
1189;1.96;;L2 D' R2 D R2 U' L2 F2 U R2 F2 B L D2 F R2 F' D F2 R;2023-01-11 20:12:30;1.96
1190;2.18;;F' B2 L2 U' F D' R B2 D' R2 U L2 U' R2 F2 L D2;2023-01-11 20:12:33;2.18
1191;2.59;;D B2 R F2 D2 L' B2 F2 L2 D2 F2 D2 B' U L D F R' D L2;2023-01-12 20:15:21;2.59
1192;1.92;;R' F' R' L D' B2 L U D2 R2 F U2 R2 B R2 L2 B2 R2 B D2;2023-01-12 20:15:24;1.92
1193;2.24;;B' D' R' D' U L2 F2 D2 B2 R2 U' L2 U L' R2 B' L R2 F U2;2023-01-12 20:15:29;2.24
1194;2.15;;F L2 D L2 F2 D2 U B2 F2 R2 D2 R D' F R2 B U L2 R2;2023-01-12 20:15:32;2.15
1195;1.85;;U' L' F2 U' R2 U R U' F B R2 L2 F2 D F2 U2 L2 U2 B2 R2 U2;2023-01-12 20:15:36;1.85
1196;2.63;;B' R' F' L2 B' L' U' L' D' B2 U2 L' F2 B2 U2 R2 U2 R' D2 L';2023-01-12 20:15:38;2.63
1197;1.98;;R' D F D' B' U2 D R F' R2 U B2 U2 D' B2 U' F2 D' B2 L2 F2;2023-01-12 20:15:44;1.98
1198;1.99;;U R' D2 U2 R2 B2 R D2 L2 B2 D2 B2 D L2 R2 D L' D2 B R';2023-01-12 20:15:47;1.99
1199;1.99;;L F2 L2 B' F2 D2 B' R2 U2 L2 U2 B' D2 L D' R2 U' R' B D R2;2023-01-12 20:15:50;1.99
1200;1.89;;F' B2 L U2 D R' D B D2 R2 D2 F2 R2 B' R2 F2 U2 F' D L2;2023-01-12 20:15:54;1.89
1201;2.07;;R F B2 U' F D' R' F2 R2 U2 F L2 U2 B2 U;2023-01-14 12:30:58;2.07
1202;1.85;;L' F2 D' L2 R2 U' F2 D U2 B2 D' R B D L' B2 D' U2 B U';2023-01-14 12:31:01;1.85
1203;1.95;;R U2 L' B2 D R' L' U2 F2 R2 B U2 B' L2 F R2 U2 R2 B U' R2;2023-01-14 12:31:04;1.95
1204;1.93;;R F U2 L' B U' B R2 B2 L' D2 L' D2 B2 R F2 R L F D2;2023-01-14 12:31:07;1.93
1205;1.89;;B L2 D' F' R' F' L U F' R L U2 F2 U2 D2 L B2 L B2 R';2023-01-14 12:31:11;1.89
1206;2.11;;U2 F' U2 L B D2 F D' B' U' R2 U' F2 L2 U' B2 L2 U' L2 D;2023-01-14 12:31:14;2.11
1207;2.82;;R2 D2 L2 D' F2 U B2 L2 R2 U' F2 L' B F L F D2 L' D' U' F2;2023-01-14 12:31:17;2.82
1208;1.82;;F2 L2 D2 F2 L2 D' B2 L2 D B2 D F' L' B F D' L' F' U F' R';2023-01-14 12:31:21;1.82
1209;2.05;;U2 F R2 B U2 B' R2 U2 B' L2 R' B' L' D' U2 B' L' R' F;2023-01-14 12:31:23;2.05
1210;1.99;;F' L' B2 R U2 B2 R2 D2 B2 R' U2 B2 R U R2 F R F D' B2 L;2023-01-14 12:31:27;1.99
1211;2.34;;U' R2 L2 F' R2 D' R F' R2 D2 B D2 B D2 R2 F U2 R2 D' F' U2;2023-01-15 23:54:56;2.34
1212;2.18;;D2 F' U' F2 D L2 R2 D' B2 U' L2 U' F2 D2 R' B' D2 L2 B' L2;2023-01-15 23:54:59;2.18
1213;2.47;;F U2 R' U2 B' U2 L U B U' F2 L2 B2 D2 L2 D R2 D' R2;2023-01-15 23:55:02;2.47
1214;2.21;;U L2 D2 L2 U' L2 F2 U' L2 D L2 U F' U' B' R2 B R' F' D U';2023-01-15 23:55:05;2.21
1215;2.53;;B U' R2 U2 R U F2 D L' B' D' L2 F2 U L2 D B2 U2 L2 B2;2023-01-15 23:55:10;2.53
1216;2.50;;L2 U B2 R2 F2 D' B2 U2 L2 U' L2 U' L' B R' F2 L D U2 F' L;2023-01-15 23:55:13;2.50
1217;2.08;;B2 D R D2 B U R L D' B2 U2 D' L2 D' R2 L2 D2 B2 R2 F';2023-01-15 23:55:16;2.08
1218;1.92;;R' B' D' F2 U2 B' U' B2 R2 D2 F2 R D2 L' B2 D2 B2 R' F;2023-01-15 23:55:25;1.92
1219;1.86;;R' F D2 L2 F' D2 U2 B F2 L2 U2 F D' L' U' F2 D' L R2 F';2023-01-15 23:55:31;1.86
1220;2.02;;U F' B D' R L2 U' R' D F2 L2 F B' R2 D2 F' R2 D2 R2 F2;2023-01-15 23:55:33;2.02
1221;2.70;;B2 R F2 L U2 R F2 L' F2 L' U2 L B' D U' L' D L' F R;2023-01-18 20:10:50;2.70
1222;1.86;;B2 D F' B' U' L U2 D L B2 D2 R D2 R' F2 B2 D2 F2 R U2;2023-01-18 20:10:54;1.86
1223;2.38;;B F2 R2 F2 U2 L F2 R B2 R' B2 R' U' R2 F' U L U B U';2023-01-18 20:10:57;2.38
1224;1.86;;F2 U' B2 L2 U' R2 D R2 B2 F2 D2 L' B2 R' D R F' U' B R' D';2023-01-18 20:11:00;1.86
1225;2.02;;R' F R2 F2 R2 F2 R2 D U2 B2 U2 L2 U' F2 R F' D U2 F' U' R;2023-01-18 20:11:03;2.02
1226;2.03;;U L2 F2 U L2 U' B2 D B2 L2 B L D' R' B2 R D2 R2 F2;2023-01-18 20:11:06;2.03
1227;2.51;;D F2 L2 D2 L2 D2 U' R2 U F2 L F2 D2 B U F2 U2 L2 F L';2023-01-18 20:11:09;2.51
1228;1.92;;L2 D' B2 U' F U R2 F D2 F2 U2 R2 L' D2 F2 L U2 F2 L2;2023-01-18 20:11:13;1.92
1229;2.01;;R2 D2 F2 U' B2 U L2 U' B2 F2 R' B2 U L' F' R' D2 L F2 U;2023-01-18 20:11:16;2.01
1230;2.02;;D' F2 D' F2 U' L2 B2 L2 D' U2 B U2 L' F' U L2 R' D R2 D;2023-01-18 20:11:19;2.02
1231;1.80;;L2 B2 F2 U F2 R2 D2 B2 R2 F2 L' B2 L D' R2 U F D2 L2;2023-01-20 19:44:23;1.80
1232;1.73;;U B2 L2 D2 B2 F2 U' L2 R2 U2 B2 F R' D F2 R D F R B L;2023-01-20 19:44:25;1.73
1233;1.71;;R F2 R' U' R F B' D F' R' D2 R2 U2 B2 R2 B2 D2 R F2 B2;2023-01-20 19:44:28;1.71
1234;1.86;;F2 L D' R2 F2 U' L2 U R2 D' L2 D' R2 B' R F2 U2 F D' F';2023-01-20 19:44:52;1.86
1235;2.38;;D2 F2 U' F2 U R2 U L2 U2 B2 L R' D' F' U B' D B' D2;2023-01-20 19:44:55;2.38
1236;1.83;;B U2 B' D2 B' L2 F2 U2 R2 F' R2 L B U' R F2 U' R F' U' F2;2023-01-20 19:45:07;1.83
1237;2.44;;R U' F' D2 L D B R F2 B R2 L2 U2 F R2 L2 F2 U2 F R';2023-01-20 19:45:10;2.44
1238;1.96;;B U L2 F2 L B2 R B2 R' D2 B2 L D2 R' B L' R' F R U L;2023-01-20 19:45:13;1.96
1239;1.90;;B D' B' D2 R2 B' D2 F U2 B' F2 D2 U2 R2 L' D' L2 R' F L' B';2023-01-20 19:45:18;1.90
1240;1.86;;L B2 L' F U R D' B' L2 F' R2 F' U2 B' D2 F L2 D' L';2023-01-20 19:45:20;1.86
1241;1.92;;B2 L F U2 F L2 U2 B' F' U2 F' U2 R' B' F2 D U' R' D;2023-01-21 10:41:47;1.92
1242;1.99;;B2 R2 D' L2 D2 R2 F2 R2 U F2 U' F R' B' D F' D F' R D;2023-01-21 10:41:50;1.99
1243;2.08;;L D B2 D F2 D2 L2 D' B2 L2 U F2 B U' R2 B2 D U' B' U';2023-01-21 10:41:54;2.08
1244;2.92;;D R2 D' F2 U R2 F2 U' B2 U F U2 B R F' D2 R' B2 U';2023-01-21 10:41:58;2.92
1245;2.21;;R2 U B2 F2 L2 U' R2 U2 B2 D2 U' F' R' U F' L' D2 F D2 B R2;2023-01-21 10:42:02;2.21
1246;1.99;;B2 F D2 B' R2 D2 L2 D2 F U2 L2 D' F R' U2 R' F2 D2 R F;2023-01-21 10:42:11;1.99
1247;1.99;;U' R2 D2 U L2 F2 D U' F2 B D2 U2 R U R' F U2 L D';2023-01-21 10:42:14;1.99
1248;1.70;;D2 F2 U L2 D R2 F2 R2 U2 F2 U2 F' L R2 D' F2 D F' L' B' L';2023-01-21 10:42:17;1.70
1249;3.37;;L B D2 B' U2 B' L2 R2 F' L2 F' U2 D B' U2 B' L U R' D;2023-01-21 10:42:19;3.37
1250;1.76;;U R2 U2 R2 U2 R D2 L B2 R' F2 R B U R' F U2 L2 R2 U';2023-01-21 10:42:23;1.76
1251;1.99;;B2 R' U2 R2 U2 R D2 F2 R' U2 F2 D2 B L' U R' F R' B;2023-01-22 11:17:59;1.99
1252;1.80;;D B2 D2 L2 R2 B' F2 U2 R2 F U2 R2 F D' L2 B2 L D' F' R U;2023-01-22 11:18:03;1.80
1253;1.89;;U' R' F' L2 F2 D B2 L2 D' F2 D R2 B2 F' L' B' L' D R D2;2023-01-22 11:18:07;1.89
1254;2.22;;D' B D2 F2 D2 U2 F R2 B R2 D2 F' U B2 L' B' R' U' F R;2023-01-22 11:18:10;2.22
1255;2.32;;R2 B2 U2 F2 D' B2 U R2 F2 U2 B2 U2 L' D' R2 F' L' R' U' R2 B2;2023-01-22 11:18:15;2.32
1256;1.92;;R2 F' R2 U2 L F R' F2 R2 L2 U' L2 D R2 B2 L2 F2 U' R' B;2023-01-22 11:18:18;1.92
1257;2.28;;R2 F2 R2 D B2 L2 D' F2 D2 R2 U F' U2 F U2 L' R2 B' D' L' F';2023-01-22 11:18:22;2.28
1258;2.06;;L B2 U2 B2 R2 B2 L F2 R' D2 R B' L2 R' D R' B L' U2 B2 U2;2023-01-22 11:18:25;2.06
1259;1.99;;D' L2 F R2 F2 L2 U' L2 U' R2 U2 L2 F2 D2 R' B' F L F D2 L;2023-01-22 11:18:30;1.99
1260;1.96;;U2 F2 D2 L' B2 R' U2 R2 U2 F2 L2 U R2 D F R B2 F U2 R;2023-01-22 11:18:32;1.96
1261;2.24;;D2 R' U R2 D B2 L2 B2 U L2 D' B2 D' R B R F L B2 D F2;2023-01-23 09:26:59;2.24
1262;2.00;;F2 L2 D2 R2 F2 U' R2 D L2 B2 D' F U2 L B R' B D U2 B;2023-01-23 09:27:04;2.00
1263;2.34;;R D R2 U' R2 U' L B D2 R U2 L B2 U2 D2 L' F2 U2 R' U';2023-01-23 09:27:07;2.34
1264;1.96;;U R' B2 R B D' L R2 D2 F' R2 F L2 U2 B2 R2 D2 F' R2 D';2023-01-23 09:27:17;1.96
1265;2.02;;U' R' D B U F L' U2 B' L2 B2 U B2 D' L2 U' F2 U' F2 R2 L;2023-01-23 09:27:20;2.02
1266;2.47;;U R' F R2 F2 D R2 D B2 R2 D2 U' L2 B L2 D R' U2 B U';2023-01-23 09:27:23;2.47
1267;1.92;;R2 B2 L2 B2 D B2 F2 U F2 D' R2 U F' D L2 R' D2 U R' B' L;2023-01-23 09:27:29;1.92
1268;2.41;;F' D R F U D2 B L' D2 L B2 L F2 U2 B2 L2 D2 F2 R2 B';2023-01-23 09:27:32;2.41
1269;2.50;;B U2 D L' D' F D F R2 L2 D R2 F2 L2 U' L2 U' F2 U' B2 L';2023-01-23 09:27:39;2.50
1270;1.96;;U L2 U2 B L2 U2 L2 F' U2 F' D2 U R2 F2 L B' F' D F2 R';2023-01-23 09:27:42;1.96
1271;2.02;;R2 D' B2 F2 U F2 U2 B2 U R2 U L U' B U R F D' F L2;2023-01-24 11:37:40;2.02
1272;2.34;;U' D L2 F2 B2 D L' U2 F' U2 F R2 B L2 B' U2 B R2 B2 R D';2023-01-24 11:37:43;2.34
1273;2.08;;U2 L U B' R' U' R2 D' F' B2 D F2 U' B2 L2 F2 B2 D';2023-01-24 11:37:46;2.08
1274;1.95;;F' D' L F D' F2 R L' B' R' B2 L2 U' D' L2 D L2 F2 L2 F2 D';2023-01-24 11:37:49;1.95
1275;2.25;;R' L' D' B2 R F' B' R2 U F2 U2 R2 L' D2 L' U2 R' F2 B2 U2;2023-01-24 11:37:52;2.25
1276;2.60;;R L' F' U' R2 D2 R B2 D' U2 F2 U2 L' D2 L2 F2 B2 L B2;2023-01-24 11:37:55;2.60
1277;1.86;;R2 B' U2 F2 R2 U' R2 D' F2 U L2 D2 R B' D' F' L2 U2 L B';2023-01-24 11:38:00;1.86
1278;2.15;;F2 U L2 D' R2 F2 U' L2 B' L D L B' R' D B2 U B';2023-01-24 11:38:02;2.15
1279;1.86;;U2 L2 B2 R' F2 L' D2 L B2 R F2 D2 B' R2 B2 F L F U;2023-01-24 11:38:05;1.86
1280;1.96;;B U2 L2 F' R2 B L2 D2 B2 R2 F U' L R' U R' F L2 D B';2023-01-24 11:38:08;1.96
1281;3.08;;D' U2 B2 L' B2 L' U2 L' U2 R2 B2 D2 L' D U2 B L' F D' L R2;2023-01-25 11:29:08;3.08
1282;2.06;;L' D2 L U2 R F2 R D2 B2 L2 D2 R B D2 R U2 R U' L' B F2;2023-01-25 11:29:13;2.06
1283;2.00;;L' D2 B' D B2 F2 R2 U' B2 U' L2 R2 U2 R2 F L U L2 B' R' D;2023-01-25 11:29:19;2.00
1284;2.31;;B2 L2 B2 L F2 R F2 R' B2 R' B2 U' L' B' D' F R' U2 F' R;2023-01-25 11:29:22;2.31
1285;2.02;;L2 D F2 U' L2 D' B2 D2 F2 R2 B2 U2 F R' U2 R F' U' L' F L';2023-01-25 11:29:25;2.02
1286;3.66;;R F' L2 D' R B2 U' F' R B2 L2 U2 B2 R2 F L2 D2 B' L2 B;2023-01-25 11:29:27;3.66
1287;2.60;;D F2 D F2 R2 F2 U F2 R2 D F D' L2 B D R' U2 L D' U';2023-01-25 11:29:32;2.60
1288;2.73;;L2 U2 F2 U' L2 U' R2 F2 R2 D2 F L U' B L2 B R U2 R D2;2023-01-25 11:29:35;2.73
1289;1.87;;U' B2 D2 F' L2 U2 F' R' F B2 R2 B2 D' B2 D2 L2 B2 U' D';2023-01-25 11:29:39;1.87
1290;2.09;;D2 B2 R2 U B2 F2 U L2 D2 F2 R F' U2 B2 F R U' L B2 D;2023-01-25 11:29:41;2.09
1291;1.80;;U' R2 B2 L' U' F D L D2 R' D2 L D2 F2 U2 D2 R2 B2 D' F2;2023-01-26 19:33:35;1.80
1292;1.80;;U B U' R2 D' L' U2 F' U' B2 D L2 F2 R2 D2 L2 U' R2 D' R2;2023-01-26 19:33:37;1.80
1293;1.89;;F' U R' U2 L2 D2 L' D2 B2 L D2 R' D2 F2 U B' D2 L2 D2 R2 F;2023-01-26 19:33:40;1.89
1294;1.87;;U' L B2 U B2 U2 B2 L2 D' R2 D2 L2 B U2 R' D B L R' B';2023-01-26 19:33:42;1.87
1295;2.03;;U' L' R2 D' B2 U F2 U2 L2 R2 U F2 L2 F D2 L B R' U2 B;2023-01-26 19:33:45;2.03
1296;2.13;;B F2 U' R2 F2 U' F2 L2 U' L2 D L2 F L' F' R2 B R' D L U';2023-01-26 19:33:48;2.13
1297;2.05;;D U B2 F2 R2 D' R2 B2 D' B2 U2 B D' L2 U' L2 F L B';2023-01-26 19:33:51;2.05
1298;2.35;;L U2 B F2 R2 D2 F' U2 R2 F' D2 F' R2 D' U' R' F U L U' F2;2023-01-26 19:33:54;2.35
1299;1.99;;D L2 D R2 U2 L2 U' L2 U' R B' D F' D L' F2 D2 U F';2023-01-26 19:33:57;1.99
1300;1.80;;D' B' U2 B2 L' R2 U2 L2 U2 F2 R' D' L' U' L2 B2 F2 R';2023-01-26 19:34:00;1.80
1301;1.70;;B' F2 U F2 D L2 U' L2 B2 L2 U F2 U L F' U2 R U L2 B L2;2023-01-27 21:19:48;1.70
1302;1.83;;L' U' L D2 R2 B D' F' U' L2 B' L2 D2 B2 L2 D2 F D2 F' U2 R2;2023-01-27 21:19:51;1.83
1303;2.25;;R2 F' R2 F2 L2 B L2 U2 F' L2 F2 R' D' U2 R2 F' L R' B' F2 U';2023-01-27 21:19:54;2.25
1304;1.80;;L' D2 B2 D' R D2 F2 B L B2 L2 U2 R2 D' F2 R2 U R2 U2 R2 B2;2023-01-27 21:19:57;1.80
1305;3.27;;B2 R2 B' L2 B U2 F2 L2 B' L2 U2 R D' R2 B' L2 R' D F2 D2;2023-01-27 21:19:59;3.27
1306;2.19;;F L' F' L F U R U' R2 B2 D2 R2 U' R2 B2 L2 D2 L2 F' D;2023-01-27 21:20:05;2.19
1307;1.83;;R2 U' L2 U B2 R2 B2 F2 U' L2 D' F D U2 R2 D' L B L2 D';2023-01-27 21:20:09;1.83
1308;1.95;;F' R' U R F2 L' B2 F2 L2 D2 L' R2 D2 F2 B U L' D' U2 F L;2023-01-27 21:20:11;1.95
1309;1.96;;R2 U2 B' L2 F2 U2 F R2 U2 B D2 F U L B' F R2 B' U';2023-01-27 21:20:21;1.96
1310;1.83;;U2 L2 F2 R2 D' B2 U' L2 U L2 U' B2 R B2 D B' U F2 L;2023-01-27 21:20:25;1.83
1311;1.86;;D' B2 D R2 D L2 D2 U' F2 U' F2 R' B2 F L' F2 R2 B R' U';2023-01-28 21:16:57;1.86
1312;2.12;;U2 B2 D2 B2 U2 R F2 L2 D2 L D2 B2 U' F' U F2 D L2 U F U';2023-01-28 21:16:59;2.12
1313;1.96;;U2 F2 R' U' B2 U' R F L' D' R2 F2 D B2 U' L2 U2 R2 L2 F2;2023-01-28 21:17:02;1.96
1314;1.72;;R U L2 F2 L2 U2 L2 D' L2 D B2 L2 B F L' D2 F D' R' B;2023-01-28 21:17:05;1.72
1315;1.89;;F U' D' F R F2 D2 L' D' R F2 R L' B2 U2 L2 B2 R2 F2;2023-01-28 21:17:07;1.89
1316;2.02;;L F' L2 U' F2 D' L2 U' L2 F2 R2 D2 F U L2 U2 L' U2 B;2023-01-28 21:17:10;2.02
1317;1.76;;D R' B U2 F' D2 B2 R2 D2 R2 F' U2 F2 U2 R' B2 F D U' B' L;2023-01-28 21:17:13;1.76
1318;2.24;;B U B D2 R2 B' L2 F L2 U2 B2 U2 R2 D2 L' F R' D2 B' D U';2023-01-28 21:17:15;2.24
1319;2.16;;R2 U2 B' U2 R2 F U2 R2 B2 R2 B2 D L2 F' D' R' D' L U';2023-01-28 21:17:18;2.16
1320;1.96;;L F U2 B' L' U2 B2 U' F R2 U2 R2 F2 U2 B' D2 F2 U2 F D';2023-01-28 21:17:23;1.96
1321;2.12;;F' R F2 L2 D' L2 D U2 F2 D R2 D' B2 R' F' D' U2 B U2 R2;2023-01-30 09:47:31;2.12
1322;1.83;;U B2 U F' L' F U' L U2 F2 U2 L2 F2 B U2 R2 B R2 D2 R;2023-01-30 09:47:33;1.83
1323;1.90;;R2 B2 R' B2 U2 B2 D2 L' U2 R' B' L F' U B2 L' D' L B;2023-01-30 09:47:36;1.90
1324;1.76;;B D B F2 U2 R2 F' L2 R2 D2 L2 F2 L2 R F' L2 U' R' U R';2023-01-30 09:47:39;1.76
1325;2.53;;R' B2 R' F2 R' D2 R' F2 L' R2 B2 U2 B' F' U' R F' L' B' D R;2023-01-30 09:47:44;2.53
1326;1.76;;B U L D F' L F D2 F2 B L2 B D2 B' R2 D2 R2 F U';2023-01-30 09:47:47;1.76
1327;1.73;;R2 D' F2 L2 U2 R2 F2 U' R2 U' F' D2 U B2 F R D2 L D' R2;2023-01-30 09:47:50;1.73
1328;1.96;;R2 D2 F L2 U2 F2 R2 B' D2 F' L2 B R' F L' B F D' F2 U2 B;2023-01-30 09:47:52;1.96
1329;1.76;;F' R2 U2 F U2 L2 B2 R2 B U2 F R' D L' B' R2 U F L2 B2 F;2023-01-30 09:47:55;1.76
1330;1.76;;R U R' F' U2 L B' R B2 D2 R' U2 F2 R' F2 R B2 R D2 U' L';2023-01-30 09:47:58;1.76
1331;2.18;;B' U2 B' U2 F D2 B' L2 F R2 B2 D' F' R' D' B' R2 U B2 L R;2023-01-31 21:28:35;2.18
1332;2.02;;U2 B L' U' D' R' B' D' B' U2 B2 L U2 L' U2 B2 D2 R2 F2 L;2023-01-31 21:28:38;2.02
1333;2.31;;U R B2 L F' U' B' U' B2 R2 F2 L U2 R F2 L' U2 R' F2 L2 B;2023-01-31 21:28:40;2.31
1334;1.79;;R2 U2 R B2 R' D2 R B2 R' F2 R' F2 D' F R B' F R2 F R2;2023-01-31 21:28:44;1.79
1335;2.05;;R2 U' L2 B2 D' F2 L2 D B2 D2 F R D R' B' R' D2 U2 B2 R;2023-01-31 21:28:46;2.05
1336;1.73;;F2 U' L2 B2 U2 B2 U' F2 D' B2 U' L R' D U2 F2 U' B2 F' L B';2023-01-31 21:28:49;1.73
1337;2.28;;L U2 F2 L F2 L' B2 R B2 R2 F2 D2 B' D2 U F D F2 D2 U2 R';2023-01-31 21:28:52;2.28
1338;1.76;;U2 B2 R U2 B2 D B' R' U2 R2 F2 R2 U2 F R2 F' U2 F' D';2023-01-31 21:28:55;1.76
1339;1.85;;R' L D F U F2 U R2 B2 U2 F' U2 F R2 B2 U2 F D2 U' B;2023-01-31 21:28:57;1.85
1340;1.99;;R' D R' U' D L D B' U B2 R2 D B2 U R2 U2 D B2 U2 B';2023-01-31 21:29:00;1.99
1341;1.86;;F' D2 L' F' B' U2 D B' D R2 B2 R U2 R' D2 F2 B2 R U2 B2 L2;2023-02-01 17:42:37;1.86
1342;1.89;;F2 D2 U2 L2 B2 L' R2 B2 U2 L D2 L' D U L' F' D' B2 U' F2;2023-02-01 17:42:40;1.89
1343;1.72;;U2 R2 F2 D2 B D2 B U2 B2 R2 D' U L' U' B' L2 D2 U2 L';2023-02-01 17:42:42;1.72
1344;1.76;;B U B D R L U2 D B D2 R2 F2 R' B2 U2 L D2 L F2 B2 R2;2023-02-01 17:42:45;1.76
1345;1.89;;R' B D2 B2 R' F2 U2 R D' F U2 F2 L2 D2 L2 F' R2 F' B2 L2 D2;2023-02-01 17:42:47;1.89
1346;1.85;;B F2 L2 F L2 U2 B' U2 L2 B2 L R' F' L2 U' B D' L D R;2023-02-01 17:42:52;1.85
1347;2.05;;F R2 D2 R2 B D2 U2 R2 B U2 B2 L2 U L' B' L B2 U2 L D' F2;2023-02-01 17:42:54;2.05
1348;2.05;;R2 F' B2 D L D R D' L2 U' D2 R2 U2 B' R2 L2 B' D2 B' D2 B2;2023-02-01 17:42:57;2.05
1349;1.89;;D L' D' R2 B2 R2 U R B' D2 L' F2 L' B2 D2 L' D2 F2 B2 L2;2023-02-01 17:43:00;1.89
1350;1.89;;U2 F' U2 B D2 U2 B D2 U2 L2 B2 F2 D' L' U' L2 U R' D2 B' R2;2023-02-01 17:43:03;1.89
1351;1.83;;U2 L B2 R B U' L R2 F2 D' B2 L2 D F2 R2 D' B2 R2 D' R;2023-02-02 18:32:16;1.83
1352;1.74;;R U' B2 R B2 R' D2 L D2 R' U2 R D2 L U F D L B U F;2023-02-02 18:32:18;1.74
1353;2.51;;B U' B2 D R2 F2 D L2 U L2 B2 L2 U2 L' R' D B' L2 B' D' B';2023-02-02 18:32:21;2.51
1354;1.76;;U2 R B' D2 U2 B U2 B R2 B' F2 R2 D2 L' U2 B' D' F2 L2 D;2023-02-02 18:32:24;1.76
1355;1.89;;R' F' L' B2 R' F U' R2 F R2 F D2 F R2 D2 B U2 L' U';2023-02-02 18:32:28;1.89
1356;1.76;;U2 L2 B2 U2 L2 U2 L2 F2 U' L2 R2 U B' F U F' L2 R' B' F' U';2023-02-02 18:32:31;1.76
1357;1.99;;U B F2 U' R2 D' L2 U2 B2 D L2 D' B2 R F' U' B L U' F D2;2023-02-02 18:32:34;1.99
1358;2.05;;L2 B' R F2 D' F2 R2 F2 D U2 L2 U B2 D F' L U F R D' L2;2023-02-02 18:32:37;2.05
1359;1.90;;U2 L F' B2 L2 U2 B2 D' L2 U2 F2 U F2 D' R B' D2 R2 U2 F D';2023-02-02 18:32:39;1.90
1360;1.67;;F' U B' R' B L F' D' B2 L2 U2 R2 F U2 B' L2 B2 D2;2023-02-02 18:32:43;1.67
1361;1.88;;R L B' D F' U B' D' R U' B2 D F2 R2 F2 U2 L2 D' B2 R2 U;2023-02-03 19:58:53;1.88
1362;1.83;;R2 D B2 F2 D' R2 F2 L2 D2 R2 U2 L' U' L' F' L' B2 D' B U2;2023-02-03 19:58:56;1.83
1363;2.02;;D2 L B U D2 F L2 B L D L2 U' R2 U B2 R2 U B2 R2 D' R2;2023-02-03 19:58:59;2.02
1364;1.73;;F U F D' F2 D' L' U2 F B2 U2 R2 L2 U L2 F2 D B2 D' F2 U2;2023-02-03 19:59:01;1.73
1365;2.15;;L2 D B2 U L2 D2 U B2 F2 L2 B2 L' F' U' B R B2 D F' L2 R';2023-02-03 19:59:04;2.15
1366;1.73;;D B2 R' F' L B' D L U2 L2 U' L2 U F2 U B2 U L2 F2;2023-02-03 19:59:07;1.73
1367;1.92;;F' D B D' B2 D R' D2 B U R2 B2 U F2 D2 R2 D2 B2 U;2023-02-03 19:59:10;1.92
1368;1.86;;F' U2 F2 U' L2 F2 D' L2 U2 R2 F2 D' L R' U B R2 D' F L F';2023-02-03 19:59:14;1.86
1369;1.67;;B D U2 L U2 F2 R2 U2 F2 R' D2 L F' D L2 U B' U2 B';2023-02-03 19:59:17;1.67
1370;1.73;;L' U R F' U' L2 U' D2 R' F2 L2 D2 R2 U2 L F2 L B2 U;2023-02-03 19:59:21;1.73
1371;1.99;;B2 R2 F2 U2 B2 U' B2 L U B' F U F' R U L' U';2023-02-04 15:30:26;1.99
1372;1.70;;D' F2 D2 L2 R F2 D2 R' D2 U2 F2 U2 L' B L F D2 R U R;2023-02-04 15:30:30;1.70
1373;1.96;;B2 L2 U2 F U2 R2 U2 R2 B2 F U2 L U' R B L' B' U' F2 D2;2023-02-04 15:30:33;1.96
1374;1.86;;F2 L U' L2 D' B D2 R' U' B2 L2 D F2 L2 U2 R2 L2 D R2 U2 F';2023-02-04 15:30:36;1.86
1375;2.18;;B2 L D2 F2 L2 U2 L2 D' B2 D' R2 D B2 U' F U' R D L U R2;2023-02-04 15:30:39;2.18
1376;2.28;;F' U B2 D B' R U' L' F U2 R2 F2 U2 B' D2 L2 D2 B U';2023-02-04 15:30:42;2.28
1377;1.70;;F2 R' B L2 U2 F2 R2 B R2 D2 F R2 B L' U R B F L2 D B';2023-02-04 15:30:46;1.70
1378;1.79;;D' F2 B L' D2 L2 F2 D' R L2 D2 R2 F' D2 B' D2 F2 U2 R2 F';2023-02-04 15:30:48;1.79
1379;1.99;;B2 R' L U' B' U L2 U' F2 B2 R2 F2 U2 R D2 R2 B2 R B2 R';2023-02-04 15:30:51;1.99
1380;2.63;;F' R2 L' B' R2 D' L' U' F' R' D2 R F2 R2 F2 D2 L' F2 U2 B2;2023-02-04 15:30:55;2.63
1381;1.85;;B2 D' L2 D2 U B2 D L2 R2 D F2 B L' F' U2 F' D2 F2 U' F D';2023-02-05 12:56:46;1.85
1382;1.82;;B L2 D2 B2 F D2 R2 F L2 B2 R2 F U L2 U2 B' D' L' U F2 R2;2023-02-05 12:56:48;1.82
1383;1.79;;B U B2 L U2 B2 L2 F2 R' B2 D2 L2 D2 L' U' R2 U2 F2 U' F' D2;2023-02-05 12:56:52;1.79
1384;1.76;;U B U D' F' U' R' F2 L U' R2 B' U2 F2 U2 R2 F L2 B2 R2 D2;2023-02-05 12:56:55;1.76
1385;1.79;;B D' B L F' B' L U2 B' D2 B2 R2 U2 B2 L2 F U2 D2 R' B2;2023-02-05 12:56:59;1.79
1386;1.76;;U R' B' D F' U F2 U2 L F2 R2 U B2 R2 U2 L2 U' R2 D' R2 B2;2023-02-05 12:57:04;1.76
1387;2.08;;B' D' B' R2 D2 F R L B R2 F2 B2 D L2 D' F2 R2 D2 L2 U D;2023-02-05 12:57:06;2.08
1388;1.73;;B' D2 B' F2 R2 B D2 R2 D2 R2 F R2 U' L R' D2 L D' L2 U' B';2023-02-05 12:57:13;1.73
1389;1.92;;U2 L B' U2 D' F U L F' R2 U2 B2 R2 U2 R D2 R F2 D2 L F2;2023-02-05 12:57:20;1.92
1390;1.76;;U' B' R2 U B2 L2 D' L2 U' B2 F2 D' B2 F' D' U2 B D L' R';2023-02-05 12:57:22;1.76
1391;1.87;;F U' R' B D L2 F B' L' B L2 B2 U D2 F2 U' B2;2023-02-06 09:43:20;1.87
1392;2.89;;L' U' L2 B2 U2 R2 U' L2 F2 U' L2 B2 D B' R F' L2 U2 F' D U;2023-02-06 09:43:23;2.89
1393;2.34;;B2 D R2 U R2 B2 R2 D2 R2 D' B' L' B U B F L B' F;2023-02-06 09:43:26;2.34
1394;1.70;;B2 U B2 D2 L2 R2 F2 L2 D2 R2 F L B' L D R' D2 L' F2 R';2023-02-06 09:43:30;1.70
1395;1.76;;F2 R2 U' D2 R B' R2 U D2 F2 U' L2 B2 R2 D2 R' D';2023-02-06 09:43:32;1.76
1396;2.24;;U R2 U' L2 D F2 R2 B2 D2 L2 D' L2 R' U' B' R' B' L' F' D R';2023-02-06 09:43:35;2.24
1397;2.16;;D F' R2 U2 B2 D2 R2 U2 R2 U2 B' D' R U2 L' D L' R2 B2;2023-02-06 09:43:38;2.16
1398;3.34;;D2 L2 F D2 R2 F2 L2 B2 F' D2 F' U B U2 L D R2 B2 F2 U;2023-02-06 09:43:41;3.34
1399;2.64;;U F' L2 B D2 B2 R2 F L2 D2 L2 F D' R' B' U2 F' L2 B2 R2 D;2023-02-06 09:43:45;2.64
1400;1.70;;R' B2 L U2 L2 D' F R2 B2 R2 U2 F2 D2 B2 L2 D B2 U' L2 F;2023-02-06 09:43:48;1.70
1401;2.18;;U2 L2 U2 L2 D R2 F2 D U' B2 U F' D2 L D' U' F' R' U2 L2;2023-02-07 10:08:37;2.18
1402;1.83;;U2 L' U2 L U2 L2 F2 L' D2 U2 B' L D R B2 L2 B' U F2 U2;2023-02-07 10:08:42;1.83
1403;1.83;;U B2 U' B2 D2 F2 U L2 F2 U' F2 R2 B' L U B F R F D' B2;2023-02-07 10:08:45;1.83
1404;2.25;;F D2 R2 F' U2 R' B' U L F' R2 F U2 D2 B R2 F R2 F2 L2;2023-02-07 10:08:49;2.25
1405;2.70;;R U' L2 D' U' B2 U F2 R2 D F2 R2 B' D2 B' L B' D F2 L2 R2;2023-02-07 10:08:53;2.70
1406;1.86;;R2 F2 L' F2 L' U2 F2 U2 L U2 F2 L D B2 F D' U2 R' U2 F2 D2;2023-02-07 10:08:59;1.86
1407;1.83;;U2 R2 B2 U' F2 L2 B2 F2 U B2 U F' R D' R2 B2 R' D L' R2;2023-02-07 10:09:03;1.83
1408;2.02;;R' U' R2 F2 R' B2 D2 L2 U2 L D2 F2 L2 B2 U L2 U B D R' U';2023-02-07 10:09:06;2.02
1409;2.23;;R2 F2 D' L2 D F2 D2 B2 D' U F' L' D B2 U' B2 R D2 R U;2023-02-07 10:09:12;2.23
1410;2.44;;U2 R2 D2 L F2 U2 L D2 R2 U2 R2 F2 U' F L' B' U' L2 B2 U2 B';2023-02-07 10:09:19;2.44
1411;1.76;;F2 D2 B2 U2 L2 B D2 R2 B' R2 F' L' F' L2 U2 B' R' F2 U B' R;2023-02-08 20:18:51;1.76
1412;1.76;;B' D' L2 D B2 D R2 U2 B2 F2 L2 U2 R' B U R2 F' U' R2 B2;2023-02-08 20:18:54;1.76
1413;1.72;;L2 U' R2 F2 R2 U2 R2 D B2 D2 R' U' B2 F2 R B' U' B L2 R';2023-02-08 20:18:56;1.72
1414;2.24;;B2 U' B2 D2 F2 R2 U F2 D R2 U2 F' D B2 F' L U2 B' R' U' F;2023-02-08 20:18:59;2.24
1415;2.50;;R' F' U2 F2 L2 D2 B2 R2 F2 L2 F' U2 L R2 F2 D' B L R;2023-02-08 20:19:02;2.50
1416;2.40;;D' R2 F2 D R2 D F2 D L2 F2 R2 F2 L D2 F' U' B2 F2 R' D2 U2;2023-02-08 20:19:05;2.40
1417;1.80;;R' D' L2 D2 F R2 F2 U2 F' D2 L2 U2 R2 F' L' U F' D2 R' D2 L';2023-02-08 20:19:08;1.80
1418;1.92;;R F2 L' U L B R D2 R U R2 U2 L2 B2 D R2 U2 F2 D R2;2023-02-08 20:19:11;1.92
1419;2.15;;L B2 U F2 D' R D' L' F U' B2 D L2 F2 D L2 B2 U' B2 U' L2;2023-02-08 20:19:21;2.15
1420;1.92;;F2 R2 B2 U' F2 U B2 F2 U2 B2 U2 L2 F' L R' F2 D' F' L2 B2 D2;2023-02-08 20:19:24;1.92
1421;2.37;;D F' L' B' L D B F2 U' B2 U B2 D F2 D2 L2 D2 R2 F2 L;2023-02-10 21:37:48;2.37
1422;1.86;;U F2 L2 R2 F' D2 B' L2 U2 F D2 R' D2 R2 F2 U' F R2 B';2023-02-10 21:37:51;1.86
1423;3.11;;B L2 D2 F2 R2 F' U2 R2 F U2 F D' R F' L' D' U2 F2 L U2 R2;2023-02-10 21:37:53;3.11
1424;2.08;;B2 D' F2 U' B2 D B2 F2 D' B' L2 F' L F2 R U F2 U F';2023-02-10 21:37:57;2.08
1425;2.76;;U R2 D' F' R2 L' U R L2 B R2 L2 F' D2 R2 F2 B L2 F U2;2023-02-10 21:38:00;2.76
1426;1.92;;U R2 B' R' U' R' D R L' U B2 U' F2 B2 R2 D2 R2 U' D' F2;2023-02-10 21:38:03;1.92
1427;2.18;;L' R' D2 L F2 D2 R F2 U2 B2 D2 B D2 U' F L' B R' B' L' U';2023-02-10 21:38:06;2.18
1428;1.83;;R' B U2 F' U2 R2 U2 F2 L2 B L2 F L' B R F' U' L B2 L;2023-02-10 21:38:11;1.83
1429;2.21;;D B2 D' B2 D L2 F2 L2 U' L2 U' B U' L R2 F2 U' R' B U;2023-02-10 21:38:14;2.21
1430;2.24;;U2 R L2 D B2 D L2 B2 D R2 D2 U' R2 U2 B' F D R B F D;2023-02-10 21:38:18;2.24
1431;1.90;;F D' F D2 B' D' F2 R U' R2 F2 D2 L2 U' L2 U' F2 D' L2 F2;2023-02-11 12:19:18;1.90
1432;3.08;;L U2 L' R2 F2 D2 B2 D2 R' F2 R F D2 R' B D U2 L2 D U2;2023-02-11 12:19:21;3.08
1433;2.38;;D' B L F U' B R D L' B R2 F2 U2 R2 L2 D' L2 U' B2 U D;2023-02-11 12:19:25;2.38
1434;2.80;;D' B2 D R D2 L F2 B' D' F D L2 F2 L2 D' L2 U2 D F2 B2 R2;2023-02-11 12:19:28;2.80
1435;2.06;;B D' B2 U' L2 D U2 R2 U L' F' D L2 D2 B2 F L' B;2023-02-11 12:19:41;2.06
1436;2.15;;U' R2 D2 B' F2 D2 F D2 R2 B L2 F' D2 R' B' L' B2 F' U F D';2023-02-11 12:19:44;2.15
1437;3.02;;B2 D U2 R2 U F2 D R2 B2 L2 D F R2 D R B' U' B L' U2 L';2023-02-11 12:19:47;3.02
1438;1.96;;R' L2 U' R2 B2 D' F2 U' F2 U F2 U' L' F' L U2 R2 U2 B' R2;2023-02-11 12:19:52;1.96
1439;2.32;;D' R L2 D L2 U R2 D' L2 U2 R2 B2 D F U' F2 U' L2 B' U2;2023-02-11 12:19:55;2.32
1440;2.19;;F L D' B2 U' F' U2 R' F U2 D2 L2 D2 B' U2 F D2 F' D2 L2;2023-02-11 12:20:00;2.19
1441;1.89;;B2 R2 U B2 R2 U' L2 R2 U' F2 U' L' D L F' R' B' L R' D' U;2023-02-12 10:52:58;1.89
1442;2.70;;U B' U2 F D2 L2 U2 F2 D2 F' R2 F U2 L F2 D B D2 R' U' B2;2023-02-12 10:53:00;2.70
1443;2.12;;U' F2 B' L F2 L2 F D L U' F2 D F2 D' F2 L2 U' B2 R2;2023-02-12 10:53:04;2.12
1444;2.02;;L2 B D2 F2 R2 F2 L2 F2 D2 U' F2 L2 U' F D' L U R U' L2 U';2023-02-12 10:53:07;2.02
1445;2.12;;B' R2 D' R2 D2 F U R2 L2 F2 L D2 B2 D2 L F2 R' D2 B D';2023-02-12 10:53:10;2.12
1446;1.83;;U' F' R' U' D L B2 D F L2 B D2 F R2 B R2 F2 R2 B;2023-02-12 10:53:15;1.83
1447;2.18;;D L2 U R2 D' F2 D B2 R2 D2 L2 D2 F' R D' U' L' D' F2 L' F2;2023-02-12 10:53:17;2.18
1448;1.89;;R' D L2 B U2 L2 F' L2 B2 U2 B D2 U2 B L' F2 R' F2 R B' D;2023-02-12 10:53:20;1.89
1449;1.92;;F D2 F2 U2 B' U2 R2 F U2 F' D2 R' F' L D L B U2 R' U';2023-02-12 10:53:30;1.92
1450;1.83;;U2 R B2 F2 R' D2 R B2 U2 R B2 D' B' R D2 B2 D' F' U' F2;2023-02-12 10:53:32;1.83
1451;1.83;;R2 U2 L' F2 L' U2 L' U2 R2 D2 R' B2 D B2 F L B2 R' D2 F';2023-02-13 12:51:32;1.83
1452;1.99;;B2 U2 R' F2 R' D2 R' D2 F2 U2 R2 U L B2 R B R U2 L2;2023-02-13 12:51:43;1.99
1453;2.15;;B' U B L2 F U' R U' B L2 B2 L B2 D2 L F2 R' F2 R2;2023-02-13 12:51:46;2.15
1454;2.18;;R' B F2 R2 U R2 D2 B2 L2 F2 L2 D' L2 U2 B' D' F R2 D L' F;2023-02-13 12:51:50;2.18
1455;2.46;;L' U R2 D L2 F2 L2 B2 U2 L' B' D R2 F2 D U R U2;2023-02-13 12:51:53;2.46
1456;1.86;;R2 U2 L2 B2 L2 B2 U B2 R2 U' R2 D F' L2 D U' F2 L' B' L2;2023-02-13 12:51:56;1.86
1457;2.12;;R U2 F' B' R' U' F' D' R2 L2 F' L2 F2 B' R2 F' U2 F' D2 F2 D';2023-02-13 12:51:59;2.12
1458;1.70;;B' L2 U' F' R F' R' L' B L2 U F2 U' B2 L2 B2 U B2 D2 F2 L2;2023-02-13 12:52:02;1.70
1459;1.99;;D' R F B2 L D L U2 F2 L2 U' R2 F2 U' L2 D' B2 L2 U;2023-02-13 12:52:05;1.99
1460;1.92;;L2 F' R2 D2 L2 B L2 D2 F' D2 B' F' L' B' U' F2 L2 R' B' U' R;2023-02-13 12:52:14;1.92
1461;1.93;;D' R2 F2 U2 F2 D' B2 U B2 R2 D' B R' U2 B U B F U L;2023-02-14 13:05:10;1.93
1462;2.41;;L' F D2 B' L2 U2 B' L2 F L2 B' R2 F' D F2 U B' D2 L F2 L;2023-02-14 13:05:14;2.41
1463;2.48;;L2 B2 L2 U' F2 D R2 D U L2 U' B L D' U F' R2 D2 U F2;2023-02-14 13:05:17;2.48
1464;2.16;;R' L2 B2 D2 F2 D' R2 F2 U F2 D2 L' B' D' F' L' B' U R;2023-02-14 13:05:22;2.16
1465;2.09;;L2 U' L' B2 R' D' R F' U2 L2 D2 R2 L2 B' L2 F2 D2 R2 B' R' F2;2023-02-14 13:05:25;2.09
1466;2.64;;R2 D' L2 B2 R' D2 F2 U2 R F2 R F2 B' L2 D R U2 F U;2023-02-14 13:05:27;2.64
1467;2.67;;B' D B2 U2 L2 U2 L' D2 B2 L' B2 U2 R' U2 F' D' R' D' R';2023-02-14 13:05:31;2.67
1468;2.03;;R' D' B L2 D2 B D2 F' D2 F L2 F U2 R' F2 L' R2 U L' B;2023-02-14 13:05:36;2.03
1469;2.19;;B' D F' D L2 F' R' U2 R2 D2 B R2 D2 F L2 D2 B' L2 U' L;2023-02-14 13:05:39;2.19
1470;2.15;;D2 R2 D2 R U2 F2 L B2 U2 B2 F2 R' U' L B' F' D' R2 D' U';2023-02-14 13:05:45;2.15
1471;2.12;;U F U' F2 U L2 B2 L2 U2 L2 D B2 U' L U2 B D B U2 F2 L2;2023-02-15 14:31:17;2.12
1472;1.86;;D' B U B2 L2 D2 B2 L2 U' L2 B2 U' F2 R' U2 L F' L' B2 R;2023-02-15 14:31:21;1.86
1473;1.64;;L F U2 F R2 D2 F D2 F D2 F2 L2 B' D' L2 R U F2 D B R';2023-02-15 14:31:23;1.64
1474;1.83;;D B2 R F2 R2 U2 L2 D2 L' B2 R B2 D' L' D B' U R2 F R';2023-02-15 14:31:26;1.83
1475;1.73;;U2 R2 F U2 F' D2 F' R2 B2 F' L' B' R2 F' D' F2 U2 B' U R';2023-02-15 14:31:28;1.73
1476;1.80;;U2 L2 D' L2 U L2 R2 B2 D' F2 U' L2 R B D2 L2 B2 U' F' L2;2023-02-15 14:31:32;1.80
1477;2.28;;F' L2 U2 F2 U' B2 U B2 U2 L2 R2 U L2 R' D R F L U2 L2 D;2023-02-15 14:31:36;2.28
1478;2.02;;U B' L U R' D2 F R D' F B L2 D2 B2 R2 D2 B U2 R2 F;2023-02-15 14:31:39;2.02
1479;1.82;;F' U L2 U2 F2 L2 B2 U' L' F' D2 L2 B' R D' L D';2023-02-15 14:31:43;1.82
1480;3.18;;B2 R' B L2 B' R2 U' L F' D2 B' D2 B R2 B2 U2 D2 L2 F' U2;2023-02-15 14:31:47;3.18
1481;1.89;;R' U' F2 D R2 D' F2 L2 B2 U F2 U2 F' D2 U L2 D' F2 L';2023-02-17 00:11:19;1.89
1482;1.69;;D2 F2 R2 U R2 F2 D' F2 L2 F2 B' R2 D' F L B' F U' R2 B';2023-02-17 00:11:22;1.69
1483;1.92;;L' D' R2 B2 L2 R2 D2 F2 R2 D L2 U2 B' R' F' U2 L' B D' R;2023-02-17 00:11:24;1.92
1484;2.05;;B2 D B2 U2 L F2 L' D2 L R B2 U2 R' F' D' U2 L' R2 U2 B2;2023-02-17 00:11:59;2.05
1485;1.76;;D R2 B' R2 F2 D2 B2 R2 B' R2 D2 R' D L2 D B' F R2 D';2023-02-17 00:12:03;1.76
1486;1.85;;D R F' B' U2 F' R' B2 D F2 D2 R2 D2 R2 B' R2 D2 F' R2 U2;2023-02-17 00:12:06;1.85
1487;2.02;;B2 R2 D B2 L2 D2 L2 D L2 F2 R2 D2 B L2 D2 B2 D L' R B L';2023-02-17 00:12:09;2.02
1488;1.92;;D B' D R L2 U' D L' B' F2 L2 F2 U B2 U L2 D' F2 R2 U2 F2;2023-02-17 00:12:11;1.92
1489;2.11;;R' L F2 B' D F B' U' D' R2 L' U2 F2 R2 U2 L' D2 B2 L2 F2;2023-02-17 00:12:16;2.11
1490;1.70;;R2 U' L' U2 R' U2 B2 R' F2 R' D2 U2 F D L U B;2023-02-17 00:12:19;1.70
1491;2.12;;L2 D F' L2 R2 D2 L2 F2 R2 U2 F' U2 R' U' L2 U2 B R' D2;2023-02-17 17:01:26;2.12
1492;1.73;;D' F2 U L2 R2 D' L2 U' L2 U2 L2 D R' B R2 U' B L2 B' L' B;2023-02-17 17:01:29;1.73
1493;1.76;;L' D' B' D R' B2 R F2 R2 L2 U B2 U2 F2 R2 F2 D' R2 F2 L';2023-02-17 17:01:42;1.76
1494;2.18;;B' D' L U2 B L2 F L2 B U2 L2 F2 U2 F' L' R' B R D U' F2;2023-02-17 17:01:45;2.18
1495;1.76;;B2 D F2 D' L2 U' L2 B2 D R U' B' D R' U2 R2 D U';2023-02-17 17:01:48;1.76
1496;1.73;;D2 U2 L2 U2 B' U2 B R2 D2 F2 D2 F R B' F2 D2 B' U B2 R B';2023-02-17 17:01:51;1.73
1497;1.96;;L F R U' R B2 U R F L2 D2 B D2 F2 D2 L2 B' R2 D';2023-02-17 17:01:55;1.96
1498;1.92;;U' F' L B2 R' F D' R2 F' R U2 D2 R F2 L D2 R' U2 R U2 D2;2023-02-17 17:01:58;1.92
1499;1.67;;F2 B R2 B' R' U F B2 U2 R' U2 D2 F2 R F2 D2 R2 F' U2;2023-02-17 17:02:01;1.67
1500;1.73;;L2 R' D2 R' F2 R' F2 R' B2 U2 R' D2 F' R' B' U B D U2 L' B;2023-02-17 17:02:09;1.73
1501;1.63;;F U2 R' F2 D2 L2 R F2 L2 U2 F2 U2 B2 F D' L F' R2 B F2;2023-02-18 16:02:56;1.63
1502;2.28;;U B2 R U R2 F2 D R2 D' L2 R2 U L2 B' R' B2 F' D' R2 F';2023-02-18 16:02:58;2.28
1503;2.28;;R' F2 B D L' U L' B R' L2 F2 R2 F2 U2 D' R2 U F2 D' R2;2023-02-18 16:03:03;2.28
1504;2.15;;B R U2 R2 L F R' U F2 U D2 F2 R2 U B2 R2 U';2023-02-18 16:03:06;2.15
1505;1.86;;B2 L2 B F2 D2 U2 R2 B' U2 F' U2 L2 U B L R' F' D2 R F U';2023-02-18 16:03:09;1.86
1506;1.83;;D L2 F2 D' B2 R2 D R2 F' L' F D R2 D B2 L' U2;2023-02-18 16:03:13;1.83
1507;2.40;;F' D F2 U2 D R L2 D F U2 F2 R2 U2 B U2 F D2 F2 L2 U2 L';2023-02-18 16:03:16;2.40
1508;2.40;;U R U' D' B D' F U2 B' U B2 U R2 F2 D2 F2 U2 F2 R2 D2;2023-02-18 16:03:19;2.40
1509;2.16;;L F2 D' B2 F2 U B2 D' U2 L2 B2 D2 F' D U2 L D' L2 F D B2;2023-02-18 16:03:23;2.16
1510;1.70;;U2 B2 U B2 U' B2 L2 B2 D B2 L F' L' D B2 R B U2 R' U;2023-02-18 16:03:26;1.70
1511;2.20;;F R2 B2 R' U' B R D2 L2 B2 U' D F2 U' R2 D' R2 B R2;2023-02-19 17:10:48;2.20
1512;1.86;;U' F2 L2 D B2 U F2 U' L2 U2 R2 D2 R B' R B L D' B2 R2 D;2023-02-19 17:10:59;1.86
1513;1.76;;F' U' R' U2 L' U' D' F L' U2 R' U2 B2 R F2 U2 D2 B2 R F;2023-02-19 17:11:02;1.76
1514;2.69;;R2 D2 R2 U B2 D L2 R2 D' F2 U' R' D' B' D' F2 U R2 B' D L';2023-02-19 17:11:05;2.69
1515;1.86;;L2 D F U2 L2 U2 B2 L2 F' U2 F R2 L D2 U L B D' R' D';2023-02-19 17:11:08;1.86
1516;2.24;;B R2 D2 R2 D2 F2 U' L2 D R2 D L' F' L' F2 L' F' R' U R';2023-02-19 17:11:11;2.24
1517;1.76;;R' B2 L2 D R2 D2 U' R2 U' L2 B2 D R D U R U' B R2 U';2023-02-19 17:11:14;1.76
1518;1.69;;D' R2 F2 L' D' B2 L R2 U2 D2 F2 R2 B' D2 F R2 F' U2 F2 L;2023-02-19 17:11:17;1.69
1519;1.75;;D R U2 D2 F U2 D R F2 B2 U2 R' L' U2 L' U2 D2 R2 F U';2023-02-19 17:11:20;1.75
1520;1.76;;U' R D2 R' F' U2 D R' F' U' D L2 U' D' B2 U F2 R2 F2 D';2023-02-19 17:11:24;1.76
1521;2.19;;R2 U F R' U R F' D R' F2 B2 D2 R D2 F2 L B2 U2 D2 L2;2023-02-20 22:35:18;2.19
1522;2.53;;U' F B R L D2 F' U' L' U R2 D R2 U' L2 D' L2 B2 R2 F2;2023-02-20 22:35:24;2.53
1523;1.92;;D L' B' U' F R' F D F2 R2 B2 D2 L2 U' B2 D2 L2 U' F2 B L';2023-02-20 22:35:28;1.92
1524;1.80;;B2 F2 U L2 B2 D' L2 F2 D2 R2 B2 R' B R' B U' L B' F2 U;2023-02-20 22:35:30;1.80
1525;1.83;;R B2 D' L2 R2 B2 D' U B2 D' L D B F2 D2 L D' U;2023-02-20 22:35:34;1.83
1526;1.99;;U' R B' R B2 L' B' U' F' R2 D2 R2 B2 L2 B D2 R2 F R;2023-02-20 22:35:37;1.99
1527;1.86;;U2 B L2 R2 U F2 D F2 D2 B2 R2 B2 F' D B L2 F L D';2023-02-20 22:35:41;1.86
1528;2.28;;R' D' F2 L2 R B2 R2 F2 U2 B2 D2 R' F2 U' B' R' F' L' U2 R2;2023-02-20 22:35:45;2.28
1529;1.74;;F' R2 F L2 B R2 B U2 R2 U2 B2 U F L2 B2 U' B' U' R' F2 U;2023-02-20 22:35:48;1.74
1530;1.96;;U' L' B2 U' R2 B D R B2 R U2 L U2 F2 U2 L' B2 F D;2023-02-20 22:35:51;1.96
1531;1.67;;D B2 D' L2 D2 U' B2 R2 B2 L2 R' D F L' F' R U R2 B2;2023-02-21 16:27:34;1.67
1532;1.77;;B R D2 R' B2 R2 B2 R' F2 R' F2 D2 U2 B' D' L F' R' D2 F' R2;2023-02-21 16:27:38;1.77
1533;1.76;;B2 U2 D2 R B R' D R D2 R2 B2 U2 B2 L' F2 U2 R2 D2 F2 U F2;2023-02-21 16:27:40;1.76
1534;1.76;;B L' B2 U L B' D F U2 B' R2 B2 L2 U2 B2 R2 F U' L;2023-02-21 16:27:43;1.76
1535;1.65;;U' B D' R' U R L' D F' U2 R2 F2 U2 L2 U F2 U2 B2 R2 D' L2;2023-02-21 16:27:45;1.65
1536;1.71;;D2 B2 U2 B2 L2 B2 L' R2 U2 F' L D R B U2 L' F U';2023-02-21 16:27:50;1.71
1537;2.96;;B2 F D2 R2 D' B2 D R2 F2 D2 F2 L' F' D' L' U B2 L' D' R2;2023-02-21 16:27:57;2.96
1538;2.24;;L' F' R' B2 L F2 U' F2 R' F2 L2 U2 R' B2 U2 L B2 D2 L U' R';2023-02-21 16:28:01;2.24
1539;1.86;;U' L' F L2 D2 L2 R2 U' L2 F2 D B2 D F U2 F' D2 F U R';2023-02-21 16:28:05;1.86
1540;1.73;;D L' U R2 B U' D' F' R D2 F2 U2 R2 F2 R2 B2 D2 L' B2 R F';2023-02-21 16:28:08;1.73
1541;1.66;;D2 L2 R F2 U' L2 B2 U2 B2 D' R2 B2 U B' U R D F D' F2;2023-02-23 23:36:28;1.66
1542;2.20;;L2 U R2 D2 B2 D' L2 U L2 B2 L' U F L' D' B2 R2 B' R2 F2;2023-02-23 23:36:35;2.20
1543;2.79;;L2 D L F U F2 U2 D' L R2 F D2 B2 D2 B' L2 D2 B D2 B2;2023-02-23 23:36:39;2.79
1544;1.76;;D' R' B L2 B2 U' L2 D2 B2 U R2 B2 R2 U2 B F' R2 D' L U2 L;2023-02-23 23:36:43;1.76
1545;1.82;;L2 B D' R2 U' B2 U F2 D2 B2 U R2 U L U B2 F2 U2 R' B;2023-02-23 23:36:46;1.82
1546;1.70;;U2 B' U2 B D2 B R2 F R2 U2 B U2 L' B2 U' R F2 R' F' L' U';2023-02-23 23:36:48;1.70
1547;1.63;;F' R' B R2 F2 D2 R2 F' D2 L2 B' U2 R2 L U' R2 D' F R' F2;2023-02-23 23:36:53;1.63
1548;1.66;;L D' R U2 F U D2 B L U2 L2 D2 R2 F' U2 F2 B R2 D2;2023-02-23 23:36:55;1.66
1549;1.76;;F U2 B2 F U2 R2 B R2 B' R B2 L U' L2 D F2 R' B;2023-02-23 23:36:58;1.76
1550;1.66;;D' L2 D F2 D R2 F2 D' B2 U' F' R' U F R' D2 U F' U2 B2;2023-02-23 23:37:03;1.66
1551;2.60;;F' D L2 U R' F' D' F' R' B2 L F2 L D2 L F2 U2 F2 R D2;2023-02-26 03:13:14;2.60
1552;1.70;;B' D B R' F L' B L D2 L2 F2 B' D2 R2 B2 R2 B;2023-02-26 03:13:17;1.70
1553;2.44;;U' B R2 D2 F' D2 R2 U2 R2 F' D2 F' U' B' L' R F L U B' D';2023-02-26 03:13:24;2.44
1554;1.70;;U D L F D L2 U' R L2 D B' L2 B' D2 F L2 F2 D2 B;2023-02-26 03:13:27;1.70
1555;1.99;;F2 U F2 L2 U2 F2 U2 F2 U' F2 L F U' R B' D' U' R' B' D;2023-02-26 03:13:29;1.99
1556;1.76;;U2 R' U2 L2 R D2 L F2 D2 F2 R' F R' D L R2 F2 D U2 F2;2023-02-26 03:13:34;1.76
1557;2.66;;R' U F' L2 U2 B' U2 F L2 F' R2 F' D2 R D U2 R2 U' B' D2 L';2023-02-26 03:13:36;2.66
1558;1.73;;F' U2 R D L B' D B2 L U2 F2 R2 F D2 R2 F2 R2 F' R2 B2;2023-02-26 03:13:40;1.73
1559;1.73;;U2 R' F2 D R2 U B2 D U L2 U' B' L F2 R2 U2 L2 U2;2023-02-26 03:13:43;1.73
1560;1.60;;F B' D' R F' L U' F B2 L2 B U2 B' U2 D2 F' L2 U2 L2 R;2023-02-26 03:13:46;1.60
1561;1.99;;D2 L2 B2 R D2 F2 R' U2 B2 L' B2 U B R' U2 B' R B' R B D';2023-02-28 23:00:38;1.99
1562;2.02;;D B L' U' R2 D R2 U B2 D2 B2 U B' D F' D2 U2 L' D';2023-02-28 23:00:41;2.02
1563;1.80;;L2 U F2 D L2 D' B2 U2 R2 U F L' F R' B D2 B' R;2023-02-28 23:00:44;1.80
1564;1.84;;D2 L2 F2 L2 U R2 F2 U2 B2 F2 U' R' D U F' L U B2 L2 B' D2;2023-02-28 23:00:47;1.84
1565;1.99;;R2 D B2 D L2 D' R2 D' R2 D' B2 R' B' F R' U F2 L' U R B;2023-02-28 23:00:49;1.99
1566;1.76;;U F L' U L2 U F2 U' B2 U2 L2 R2 U F R D2 U' L' D2 R';2023-02-28 23:00:54;1.76
1567;1.87;;D' B' R2 F2 R2 U B2 U2 F2 L2 D B2 R D2 F U2 R' F2 D' R2;2023-02-28 23:00:57;1.87
1568;2.15;;R B U' F' R2 D B' U' R D2 R2 U2 D2 B2 L' U2 R' U2 F2 B';2023-02-28 23:00:59;2.15
1569;2.40;;D' L D2 R D2 F2 R U2 L2 B2 U2 R2 B L2 R' B L2 D L2;2023-02-28 23:01:02;2.40
1570;2.28;;R2 F R2 D R2 D F D' R' D B2 U' R2 B2 D' L2 B2 U2 D' R2 L2;2023-02-28 23:01:06;2.28
1571;2.69;;D2 L2 B2 L2 R2 D' F2 U2 B2 U2 R2 B' D' B' L U2 F' L2 R U;2023-03-02 00:24:33;2.69
1572;2.15;;F U2 B' D' R' B' L' U' F2 R' U2 L2 B2 R F2 B2 L' D2 R B;2023-03-02 00:24:37;2.15
1573;2.21;;F R F2 L2 D2 F2 D2 F2 L D2 R' F2 R D' B2 L2 B U' L' R';2023-03-02 00:24:40;2.21
1574;1.89;;U' R2 U F2 D2 F2 U' F2 U2 L2 U' L' D L F U' B D F' R' F;2023-03-02 00:24:43;1.89
1575;1.89;;R2 D2 L2 F' D2 B L2 B D2 B D B' L' R2 D2 B' U2 L' R2;2023-03-02 00:24:46;1.89
1576;2.18;;R' L2 D2 L2 D' F2 L2 U L2 R2 D L2 U L R2 F' D2 U2 B D';2023-03-02 00:24:49;2.18
1577;1.79;;L2 U2 R2 U2 R2 B D2 R2 F' R2 B F D B' F' L' F L2 R F L';2023-03-02 00:24:52;1.79
1578;2.15;;L B' L F2 U R' B2 L' F U2 R2 U2 R2 B' L2 F L2 F2 D';2023-03-02 00:24:55;2.15
1579;1.86;;U2 F2 U2 L U2 L2 D2 F2 U2 L U2 F U B2 U B U R F2;2023-03-02 00:24:58;1.86
1580;1.96;;U2 L2 D' R2 U2 R2 D' F2 U' F2 L2 R2 B' R' D' B R' F L' R' F;2023-03-02 00:25:02;1.96
1581;1.62;;U' F B L' D2 F R B D2 L2 U2 B2 D2 R' F2 R D2 L2;2023-03-03 17:40:49;1.62
1582;1.71;;B D2 B R2 D2 F D2 F2 D2 F2 R F U' L' R' U B' R' D';2023-03-03 17:40:51;1.71
1583;2.07;;D' B D2 L2 B2 L2 B U2 B L2 R2 B2 D2 L U R2 D' B' D2 L' B;2023-03-03 17:40:53;2.07
1584;2.23;;L R F2 L B2 D2 R' F2 U2 R' D R' D U R B' D R F';2023-03-03 17:40:56;2.23
1585;1.72;;B L2 R2 F L2 B' L2 F2 D2 B U2 L' F' U' R F' D' B L2 B2 L;2023-03-03 17:41:01;1.72
1586;1.94;;B L2 F B' D' R B' U' B2 U F2 U' B2 R2 D' R2 U L2 B2 L D';2023-03-03 17:41:03;1.94
1587;1.68;;L' B' U2 R U2 R2 B U' L2 F2 D2 L U2 L D2 R' B2 L F;2023-03-03 17:41:06;1.68
1588;1.71;;R F' R2 U L U' F U D2 R F2 D2 R2 F2 U2 R U2 B2 D2 B;2023-03-03 17:41:09;1.71
1589;1.64;;F2 D' F2 D L2 U2 B2 U B2 L2 U' R B2 U' F' L2 B' F';2023-03-03 17:41:11;1.64
1590;1.64;;D2 B2 D2 R B2 L U2 B2 F2 R F2 R2 B' D U R' D R' D F2;2023-03-03 17:41:14;1.64
1591;2.26;;R' B F2 U L2 U2 F2 U' L2 B2 U2 B2 U F' U R2 D R' U L2;2023-03-04 18:11:37;2.26
1592;2.36;;R U R2 D B' U2 D' R L2 D2 R2 D' B2 D' R2 B2 U2 B2 U' B2;2023-03-04 18:11:40;2.36
1593;2.09;;D2 B2 U B2 R2 U' R2 F2 D F2 L2 F R D' B' D' L2 R' B2;2023-03-04 18:11:43;2.09
1594;2.00;;F2 L' F2 D F2 U F2 R2 F2 U' L2 R2 U2 B' L U' L F U L R2;2023-03-04 18:11:46;2.00
1595;2.32;;L2 F2 R2 B R2 D2 F2 L2 D2 B U2 L D U F R D' F L' F2;2023-03-04 18:11:49;2.32
1596;1.90;;B L' D' B' U2 F2 R2 B R2 U2 F R2 F' D B' R D U F L2;2023-03-04 18:11:52;1.90
1597;1.77;;D B2 D' L' B R L F2 R2 D F2 B2 R2 D2 B2 D' L2 B2 L2 F' D;2023-03-04 18:11:55;1.77
1598;1.77;;F2 L' D2 B' U2 F2 U2 F L2 F' U2 B R2 F' L' F2 U B F2 R2 F';2023-03-04 18:11:57;1.77
1599;1.84;;B2 D2 F2 U' L2 D2 B2 L2 R2 U2 B2 F' L' F R2 D L' U2 F' R B;2023-03-04 18:12:00;1.84
1600;2.41;;L' U B2 D2 B2 F2 L2 D' F2 D' B2 U2 F' U2 R' B R2 U' F;2023-03-04 18:12:02;2.41
1601;1.83;;U' L U' L' D' L U2 F' U B2 U2 R2 D' F2 B2 R2 F2 U L;2023-03-06 01:08:21;1.83
1602;2.34;;R' F' R D R2 L' B2 U' R2 F B L2 B' D2 F' U2 R2 D2 R2 B';2023-03-06 01:08:23;2.34
1603;1.76;;B D R' F2 R2 B2 D' L2 D2 R2 D U2 R B' U2 B L D2 L;2023-03-06 01:08:27;1.76
1604;2.89;;F2 B' D' L2 B' D' F L' U2 D R2 D' R2 B2 R2 D' R2 D2 F';2023-03-06 01:08:30;2.89
1605;1.86;;D F2 L2 U2 L2 R2 B L2 D2 B2 R U R2 B2 F2 U' L2 B R';2023-03-06 01:08:34;1.86
1606;1.70;;B' R' U L' B' U B' D R2 B R2 F L2 B' D2 L2 B' R2 U2 R';2023-03-06 01:08:37;1.70
1607;1.72;;U' B2 L2 D' R2 F2 U' B2 D B2 R2 U2 R U L2 U B D' L' R' B';2023-03-06 01:08:39;1.72
1608;1.82;;U L2 D' F2 D2 U F2 L2 D2 F2 L F' R F D L2 D U F';2023-03-06 01:08:42;1.82
1609;2.24;;B L' U' L F2 D' R' F' U2 F' U2 F' U2 R2 B U2 R2 D2 B2 R B';2023-03-06 01:08:45;2.24
1610;1.80;;D F2 D2 U L2 R2 B2 D' L2 F2 R2 F2 R' D B' F' D' F' U F';2023-03-06 01:08:48;1.80
1611;3.54;;D' U2 F2 R2 D B2 F2 U' F2 R2 D' L' F U' L' B F' L R' D' L';2023-03-06 19:48:25;3.54
1612;1.64;;D' B2 L2 D' L2 R2 D' L2 U' B2 U2 F L B L B L B U R';2023-03-06 19:48:31;1.64
1613;2.70;;R2 U R2 D F2 R2 D' F2 D R2 U' L' B' L U' F L R2;2023-03-06 19:48:33;2.70
1614;1.70;;D2 R2 D2 B R2 U2 R2 B' R2 U2 F2 L D L2 D F U2 R' U2 R2;2023-03-06 19:48:37;1.70
1615;2.06;;R2 F L2 F' R2 F2 D2 B L2 U2 F L D' R D F2 R' D F' U';2023-03-06 19:48:39;2.06
1616;2.06;;U2 F2 U2 L D2 R2 B2 L' U2 L D2 L' U R2 F R' D B U' B' L;2023-03-06 19:48:42;2.06
1617;1.90;;B U F2 D' R' U2 B D' F L U2 R' F2 R' U2 B2 R' D2 R F2 R;2023-03-06 19:48:45;1.90
1618;1.69;;R2 D R2 U' B2 R2 U B2 U2 R D2 B D F2 D' F U2 B2;2023-03-06 19:48:48;1.69
1619;1.84;;L2 F' L2 R U2 B2 U2 F2 L' U2 L D2 F2 D' L2 D2 F' U' L' U';2023-03-06 19:48:53;1.84
1620;2.19;;F' R' B2 R2 D' R2 U L2 F2 D R2 B2 D F2 B' R B L F2 R F';2023-03-06 19:48:55;2.19
1621;2.63;;U' R' F2 D2 B2 U2 F2 R2 B2 L2 D F2 U2 R F' L R U' R2 F';2023-03-08 00:49:14;2.63
1622;1.76;;L U2 B' R U D R L2 U2 B' R2 F' R2 B2 U2 F L2 F U2 D R;2023-03-08 00:49:19;1.76
1623;1.60;;R2 U' R2 B2 D2 U L2 U2 B2 F2 U' L2 F L2 U R D B' U' B R';2023-03-08 00:49:21;1.60
1624;1.60;;L2 B' R2 F' R2 D2 R2 D2 U2 B D' B2 F' R2 U2 R' U2 L;2023-03-08 00:49:25;1.60
1625;1.76;;B2 D2 L2 R2 F2 D2 F' R2 B2 D2 L2 R B R2 F L2 F' D B2 F;2023-03-08 00:49:29;1.76
1626;1.69;;D R2 F2 D2 R2 U F2 U L2 F2 D2 B' L' D2 L' B D F U' R';2023-03-08 00:49:32;1.69
1627;1.70;;U' F R' D2 R' U' R' D' F' L2 U2 R2 D R2 U R2 B2 L2 D F2;2023-03-08 00:49:34;1.70
1628;1.67;;F B2 R2 D F2 D2 R2 U2 R2 F2 R2 U' F' R' F D B U2 L';2023-03-08 00:49:38;1.67
1629;1.73;;F' R L2 D L2 R2 B2 R2 D R2 D2 U L2 U F' L F2 L' D2 R2 U;2023-03-08 00:49:40;1.73
1630;1.73;;L D R F2 L2 D L2 D' B2 D L2 F2 U2 F' R2 D B R U B2;2023-03-08 00:49:45;1.73
1631;2.12;;U' B' U R D' L2 F L F R2 F2 R2 L2 F' U2 R2 F L2 F D2;2023-03-09 02:26:21;2.12
1632;2.08;;L' F' D2 F' U2 B2 L2 B L2 F R2 F U2 D' R' D U F2 U2 L2 F';2023-03-09 02:26:26;2.08
1633;1.73;;L2 U2 D' B2 L F2 R L2 B' R2 F L2 B' U2 D2 L2 U2 F' D F';2023-03-09 02:26:30;1.73
1634;2.69;;B2 R F2 L2 F2 L' B2 U2 R U2 R2 B2 U B L' U' R F2 R B2 L2;2023-03-09 02:26:37;2.69
1635;2.12;;D' R2 B2 D' F2 U' F2 L2 F2 D R2 F2 B' D' F' L' U2 B2 L' F D2;2023-03-09 02:26:41;2.12
1636;1.64;;F' U' B' D B2 R2 F' L R2 B' U2 D2 L2 F' D2 F' U2 B D2 R2;2023-03-09 02:26:46;1.64
1637;1.64;;B U' D2 R D2 R' F' L2 D B2 R2 B2 L' D2 L D2 F2 L' F2 B2;2023-03-09 02:26:49;1.64
1638;1.76;;L' F D' R B' R' B R' B R U2 R2 F2 U2 L D2 B2 L B2 R' U2;2023-03-09 02:26:51;1.76
1639;1.79;;U R' U D2 F D2 L2 R2 B' D2 B' U2 F L D B L' F2 U' F2;2023-03-09 02:26:54;1.79
1640;2.76;;B2 D2 F' L' U' R F U2 B2 D' B2 U2 L2 B2 D R2 D B2 F D;2023-03-09 02:26:57;2.76
1641;1.66;;U2 F U R2 U2 L2 U' R2 U' L2 R2 F2 R2 F U' L' U2 F2 L2 B' U2;2023-03-09 20:43:44;1.66
1642;1.82;;L U2 R2 B2 U B2 F2 D B2 U2 R2 U B' U' R2 B D' L' B' R F';2023-03-09 20:43:46;1.82
1643;1.69;;R U B2 R2 D U2 L2 U R2 F2 U2 R F2 D' F' L' B' D2 L' R';2023-03-09 20:43:49;1.69
1644;2.15;;R2 F2 U2 L B2 R2 D2 R D2 R' F2 R U' F' R' U F' L U' B' F;2023-03-09 20:43:53;2.15
1645;2.24;;F' R' B2 D' F' U D R' U2 L2 F B2 U2 B U2 B' L2 B U2 R2;2023-03-09 20:43:56;2.24
1646;2.02;;F' L2 R2 D2 L2 F2 L2 U' L2 U B2 D2 F D B' F2 U' L2 R D B;2023-03-09 20:44:02;2.02
1647;2.50;;L B2 L' U' B' R' B' R' U2 L' B2 D2 F2 R2 D2 L2 D2 F' D;2023-03-09 20:44:07;2.50
1648;1.67;;B2 D L' F' R B2 L' U B2 D' L2 D B2 U B2 L2 D' B2 F D2;2023-03-09 20:44:11;1.67
1649;2.15;;F L2 D' B2 R2 U' R2 U L2 U2 F' U B R' D L' R2 D' B;2023-03-09 20:44:13;2.15
1650;1.73;;B2 L2 D' B2 R2 U2 B2 R2 D U2 B2 D B F2 U2 L' B' U F' L2 R;2023-03-09 20:44:18;1.73
1651;2.61;;R U' B' L2 U F2 D L2 D R2 D2 R2 F2 R2 B' R' B D2 B2 D2 R2;2023-03-18 15:43:04;2.61
1652;2.25;;F2 U2 F' L D' L' F' R2 F' L' U2 L2 D2 F2 U2 L' F2 L' U2 R';2023-03-18 15:43:07;2.25
1653;1.67;;F2 U2 L R U2 L2 R F2 R' F2 U2 F L2 B D' B R U' R2 F';2023-03-18 15:43:10;1.67
1654;2.19;;B' R2 U' L2 U R2 D' F2 U2 R2 B2 U' B U2 F' L' U2 F' L2 R2;2023-03-18 15:43:13;2.19
1655;1.77;;F' U2 F2 L' F2 R F2 D2 B2 F2 R' U F' D2 L F R F';2023-03-18 15:43:17;1.77
1656;2.16;;F2 R' D2 B R2 B' R2 D2 F' D2 B L2 F R B2 D' U' L F D F;2023-03-18 15:43:24;2.16
1657;3.02;;L2 U' B R2 F' D2 R2 D2 L2 F R2 F' L D B' D2 R D' B';2023-03-18 15:43:27;3.02
1658;1.71;;D' B2 D2 B2 F2 D' L2 U L2 R' B' F' L D B' U L D R';2023-03-18 15:43:31;1.71
1659;1.76;;D B' R' U2 F' L' U' L U D L2 D R2 B2 D2 B2 D' R2 D2 B' L';2023-03-18 15:43:33;1.76
1660;1.57;;D B2 D F2 D2 L2 U L2 D R2 B2 F U L D2 L' B2 L2 B' U';2023-03-18 15:43:37;1.57